2 0.912 0.7110778443113773 0.17200000000000001 0.2964071856287425
2 0.626 0.657185628742515 0.228 0.26646706586826346
2 0.683 0.658682634730539 0.234 0.251497005988024
2 0.419 0.6347305389221557 0.202 0.2634730538922156
2 0.209 0.5389221556886228 0.178 0.2634730538922156
2 0.052000000000000005 0.46107784431137727 0.1 0.19760479041916168
21 0.049 0.35778443113772457 0.098 0.24850299401197606
21 0.228 0.438622754491018 0.136 0.3203592814371258
21 0.35000000000000003 0.4476047904191617 0.10400000000000001 0.23652694610778444
21 0.446 0.5299401197604791 0.14 0.32335329341317365
21 0.638 0.5389221556886228 0.152 0.28742514970059885
21 0.707 0.5464071856287426 0.14200000000000002 0.3083832335329342
21 0.9410000000000001 0.6392215568862276 0.114 0.3323353293413174
