3 0.800000 0.743750 0.211667 0.512500
3 0.799583 0.424375 0.097500 0.138750
3 0.799583 0.330000 0.084167 0.057500
13 0.663750 0.595625 0.059167 0.158750
13 0.668750 0.483125 0.042500 0.056250
13 0.123750 0.483750 0.047500 0.090000
13 0.176250 0.474375 0.055833 0.098750
13 0.471667 0.310000 0.025000 0.047500
13 0.716250 0.281875 0.017500 0.036250
13 0.719167 0.249375 0.015000 0.021250
13 0.346667 0.335000 0.035000 0.045000
13 0.532917 0.280625 0.022500 0.038750
9 0.727083 0.318125 0.015833 0.033750
4 0.211250 0.335625 0.059167 0.041250
4 0.427500 0.287500 0.030000 0.035000
4 0.418750 0.262500 0.029167 0.022500
17 0.230000 0.478125 0.036667 0.088750
17 0.356250 0.412500 0.049167 0.057500
17 0.226250 0.396250 0.052500 0.067500
10 0.788333 0.233125 0.021667 0.026250
17 0.598750 0.246875 0.015833 0.023750
8 0.489583 0.285625 0.020833 0.038750
4 0.449583 0.280625 0.015833 0.031250
8 0.510417 0.240000 0.034167 0.012500
15 0.529167 0.256250 0.031667 0.017500
15 0.748750 0.212500 0.032500 0.022500
8 0.721667 0.198125 0.026667 0.018750
13 0.708333 0.251250 0.010000 0.025000
19 0.699583 0.230000 0.020833 0.025000
10 0.359167 0.298750 0.035000 0.032500
