17 0.956667 0.693750 0.086667 0.117500
19 0.723750 0.565000 0.095833 0.115000
17 0.369167 0.666875 0.056667 0.106250
9 0.284583 0.486250 0.017500 0.037500
9 0.403333 0.536875 0.020000 0.051250
9 0.677083 0.481250 0.024167 0.040000
9 0.697917 0.463750 0.017500 0.032500
9 0.340833 0.335625 0.008333 0.016250
9 0.403750 0.312500 0.007500 0.010000
9 0.479167 0.336250 0.008333 0.017500
16 0.300417 0.315000 0.014167 0.017500
10 0.317500 0.311250 0.015000 0.025000
3 0.284583 0.302500 0.019167 0.037500
3 0.281250 0.276250 0.017500 0.015000
17 0.330833 0.441250 0.023333 0.047500
17 0.307083 0.384375 0.017500 0.031250
17 0.497500 0.399375 0.023333 0.036250
17 0.432083 0.346875 0.012500 0.026250
15 0.415833 0.350000 0.023333 0.032500
4 0.369167 0.418750 0.031667 0.035000
4 0.305833 0.340000 0.018333 0.025000
4 0.417500 0.318125 0.018333 0.018750
4 0.374167 0.319375 0.015000 0.021250
4 0.324583 0.296250 0.009167 0.010000
4 0.314167 0.276250 0.008333 0.010000
4 0.340000 0.283125 0.010000 0.013750
4 0.304167 0.296875 0.006667 0.013750
17 0.392917 0.313750 0.010833 0.017500
4 0.359167 0.350625 0.021667 0.026250
17 0.362917 0.291250 0.005833 0.012500
3 0.513333 0.363125 0.051667 0.046250
