10 0.086957 0.722567 0.170807 0.554865
13 0.959627 0.707039 0.080745 0.113872
3 0.496118 0.661491 0.473602 0.573499
15 0.905280 0.631470 0.189441 0.095238
4 0.893634 0.554865 0.150621 0.053830
9 0.253106 0.504141 0.043478 0.118012
3 0.819099 0.340580 0.194099 0.325052
3 0.565994 0.275362 0.200311 0.285714
3 0.391304 0.241201 0.155280 0.225673
3 0.852484 0.103520 0.139752 0.099379
3 0.672360 0.079710 0.127329 0.113872
10 0.111025 0.279503 0.097826 0.086957
3 0.134317 0.090062 0.159938 0.142857
3 0.466615 0.093168 0.172360 0.057971
13 0.696429 0.358178 0.051242 0.169772
