4 0.880833 0.833960 0.095000 0.159148
4 0.253333 0.843358 0.150000 0.142857
17 0.485833 0.706140 0.055000 0.096491
2 0.302917 0.689223 0.034167 0.057644
15 0.382917 0.707393 0.044167 0.121554
13 0.355000 0.673559 0.015000 0.071429
4 0.505417 0.647243 0.037500 0.026316
4 0.474583 0.622180 0.057500 0.041353
9 0.461250 0.585840 0.022500 0.036341
4 0.549583 0.604637 0.049167 0.051378
4 0.502917 0.585213 0.045833 0.035088
4 0.576667 0.557018 0.020000 0.043860
19 0.524583 0.548872 0.044167 0.040100
9 0.495833 0.558271 0.011667 0.016291
8 0.556250 0.538221 0.019167 0.046366
17 0.505000 0.506892 0.018333 0.031328
17 0.542500 0.490602 0.018333 0.028822
17 0.569583 0.487469 0.015833 0.027569
17 0.591667 0.481830 0.013333 0.026316
17 0.604167 0.486842 0.013333 0.026316
17 0.707500 0.475564 0.011667 0.023810
17 0.789583 0.575815 0.024167 0.053885
4 0.622917 0.474937 0.015833 0.020050
4 0.610417 0.464912 0.012500 0.017544
4 0.636250 0.462406 0.009167 0.017544
4 0.721667 0.484962 0.015000 0.022556
4 0.738750 0.498120 0.010833 0.028822
4 0.680833 0.446115 0.010000 0.012531
4 0.666250 0.466792 0.014167 0.008772
9 0.657917 0.525689 0.014167 0.026316
3 0.691250 0.462406 0.017500 0.017544
10 0.680417 0.478697 0.017500 0.017544
10 0.682500 0.518797 0.031667 0.062657
10 0.715000 0.436717 0.010000 0.016291
