3 0.165901 0.926062 0.331189 0.141340
12 0.392463 0.908905 0.125613 0.182190
4 0.041207 0.812500 0.081801 0.179739
17 0.232077 0.837418 0.079350 0.036765
19 0.400276 0.760621 0.098958 0.134804
4 0.469975 0.710172 0.060049 0.113971
17 0.338848 0.762868 0.061275 0.130310
19 0.150582 0.786560 0.141850 0.143382
4 0.244792 0.729575 0.088235 0.120098
17 0.457567 0.648489 0.044424 0.060049
0 0.388174 0.672386 0.075980 0.109477
4 0.308670 0.664624 0.072610 0.080065
4 0.140472 0.714461 0.117953 0.110294
4 0.183517 0.640114 0.073529 0.064542
4 0.266238 0.621119 0.063113 0.076389
4 0.331801 0.615809 0.048407 0.062500
17 0.404105 0.593954 0.033701 0.029412
4 0.447151 0.625000 0.044424 0.065359
17 0.451134 0.578023 0.029105 0.028595
15 0.212776 0.586806 0.068321 0.055147
4 0.284620 0.575980 0.044730 0.032680
17 0.222426 0.550654 0.034926 0.020425
10 0.248468 0.545752 0.045343 0.046569
19 0.356464 0.571691 0.053002 0.073938
19 0.420343 0.557598 0.043505 0.058007
17 0.447457 0.545139 0.014400 0.035539
4 0.330270 0.556373 0.020833 0.049837
17 0.293811 0.550245 0.030025 0.031863
4 0.387868 0.555556 0.021446 0.045752
17 0.451440 0.526348 0.020527 0.015931
17 0.424939 0.523080 0.022672 0.015931
4 0.417126 0.516544 0.026042 0.022467
4 0.335938 0.533905 0.035846 0.032680
15 0.295190 0.532884 0.038909 0.037173
19 0.348346 0.508987 0.030025 0.043301
4 0.305453 0.510621 0.026348 0.020425
4 0.384957 0.521242 0.032169 0.026961
4 0.376532 0.504289 0.024510 0.012663
4 0.410846 0.499183 0.025123 0.017157
4 0.414522 0.486724 0.019608 0.007761
8 0.373621 0.484681 0.024816 0.029003
3 0.393229 0.460172 0.027267 0.047794
17 0.085325 0.500613 0.032782 0.039624
17 0.041513 0.505310 0.026042 0.041667
4 0.127757 0.481822 0.031863 0.029820
17 0.108150 0.491217 0.020221 0.033088
4 0.205729 0.444240 0.017463 0.017565
17 0.190104 0.446895 0.014400 0.022059
3 0.417892 0.429739 0.018382 0.023693
3 0.394301 0.412582 0.016544 0.033497
8 0.343597 0.484477 0.024203 0.023693
4 0.344975 0.466912 0.014706 0.012255
4 0.345895 0.458538 0.014093 0.007761
