4 0.206275 0.950721 0.092123 0.098558
8 0.319092 0.943510 0.072096 0.112981
4 0.419226 0.977163 0.066756 0.045673
4 0.556742 0.894231 0.072096 0.105769
19 0.230307 0.843750 0.065421 0.125000
9 0.495327 0.933894 0.024032 0.074519
9 0.162884 0.919471 0.026702 0.064904
10 0.314419 0.847356 0.060080 0.132212
4 0.606142 0.846154 0.064085 0.091346
4 0.156208 0.787260 0.104139 0.069712
4 0.397864 0.919471 0.077437 0.112981
9 0.444593 0.897837 0.026702 0.055288
4 0.471963 0.836538 0.057410 0.091346
4 0.580107 0.793269 0.046729 0.072115
6 0.504005 0.780048 0.052069 0.098558
19 0.335781 0.772837 0.046729 0.108173
17 0.265020 0.781250 0.033378 0.086538
17 0.409880 0.837740 0.040053 0.088942
8 0.393191 0.799279 0.052069 0.103365
4 0.451936 0.787260 0.052069 0.060096
3 0.318425 0.703125 0.052069 0.132212
4 0.477303 0.735577 0.030708 0.052885
3 0.483311 0.644231 0.066756 0.096154
3 0.346462 0.623798 0.049399 0.069712
3 0.439920 0.618990 0.025367 0.069712
3 0.413218 0.588942 0.025367 0.057692
4 0.417891 0.693510 0.034713 0.036058
