9 0.334375 0.494609 0.041250 0.105121
17 0.242500 0.456873 0.070000 0.175202
17 0.180000 0.683288 0.095000 0.256065
2 0.361875 0.916442 0.048750 0.156334
9 0.211875 0.921833 0.046250 0.118598
9 0.279375 0.925876 0.051250 0.148248
4 0.096250 0.919137 0.165000 0.161725
4 0.207500 0.281671 0.070000 0.121294
9 0.349375 0.192722 0.018750 0.061995
8 0.301250 0.105121 0.037500 0.080863
9 0.345625 0.082210 0.016250 0.040431
17 0.415000 0.114555 0.022500 0.072776
13 0.393125 0.074124 0.016250 0.067385
17 0.378750 0.059299 0.015000 0.059299
17 0.375000 0.014825 0.017500 0.024259
4 0.511250 0.239892 0.045000 0.107817
