17 0.695874 0.859222 0.324755 0.280331
4 0.537582 0.754289 0.159314 0.143995
13 0.809232 0.751532 0.169118 0.173407
10 0.832516 0.677696 0.259804 0.156863
2 0.674837 0.708946 0.052288 0.026961
3 0.449346 0.638787 0.089869 0.080270
13 0.553922 0.661765 0.039216 0.044118
9 0.502859 0.655331 0.017157 0.025123
9 0.399101 0.652880 0.013889 0.021446
4 0.526961 0.642616 0.033497 0.023591
4 0.610907 0.640472 0.039624 0.024203
17 0.027369 0.747702 0.053922 0.135723
10 0.181373 0.667586 0.170752 0.113358
