4 0.499349 0.682739 0.857205 0.447021
9 0.133464 0.498291 0.168837 0.217773
9 0.320530 0.446167 0.141927 0.115479
17 0.582031 0.426514 0.260417 0.087402
19 0.570747 0.425659 0.368924 0.139893
4 0.876302 0.451782 0.247396 0.130615
4 0.924913 0.519043 0.148438 0.166992
13 0.280382 0.419556 0.135417 0.116455
13 0.179688 0.385010 0.077257 0.074707
13 0.061849 0.384033 0.075087 0.065430
3 0.350043 0.356323 0.327691 0.154541
13 0.306207 0.378784 0.084635 0.046143
3 0.842231 0.348999 0.311198 0.071533
