13 0.740451 0.551514 0.397569 0.287598
9 0.373264 0.448608 0.093750 0.083740
3 0.701606 0.403809 0.380642 0.124512
7 0.263238 0.392822 0.085503 0.055176
7 0.286024 0.373291 0.068576 0.034668
4 0.481988 0.416992 0.059462 0.046387
13 0.329210 0.406616 0.037760 0.050537
13 0.366536 0.395874 0.035156 0.020752
13 0.199219 0.389160 0.023438 0.014648
13 0.177083 0.389404 0.019965 0.019043
13 0.155382 0.388672 0.023438 0.013184
7 0.136285 0.373413 0.026042 0.012451
7 0.180339 0.372803 0.046441 0.013672
13 0.387804 0.383179 0.020399 0.008057
13 0.446181 0.383789 0.024306 0.010254
13 0.418186 0.429077 0.081163 0.080322
13 0.237847 0.410767 0.059028 0.053955
4 0.458550 0.397339 0.034288 0.019775
13 0.492839 0.390137 0.038628 0.009766
13 0.108724 0.389282 0.032552 0.013916
13 0.131293 0.389404 0.025608 0.011719
13 0.075304 0.384644 0.019531 0.008057
8 0.907769 0.400513 0.051649 0.045654
