4 0.508247 0.548340 0.641493 0.249512
9 0.873698 0.486694 0.164062 0.172119
13 0.687934 0.423218 0.166667 0.122803
17 0.333984 0.417114 0.141059 0.090088
4 0.532986 0.414795 0.196181 0.039551
3 0.751736 0.375732 0.486979 0.106445
4 0.924045 0.448242 0.151910 0.117188
3 0.152127 0.367065 0.237413 0.073975
3 0.293620 0.352417 0.075955 0.041260
13 0.427300 0.391724 0.045573 0.059326
13 0.355686 0.367554 0.035156 0.015869
13 0.198568 0.416992 0.132378 0.096191
13 0.038194 0.392212 0.063368 0.057861
13 0.053385 0.688110 0.101562 0.411377
13 0.498047 0.381226 0.031684 0.032959
13 0.389540 0.367310 0.029948 0.014893
