13 0.294705 0.475586 0.086806 0.088867
13 0.564236 0.488403 0.111979 0.102295
2 0.440321 0.462646 0.032552 0.059082
13 0.415148 0.440918 0.027344 0.034668
13 0.320312 0.445068 0.039931 0.042969
13 0.235026 0.435547 0.029080 0.029785
13 0.272135 0.434204 0.038194 0.026123
13 0.129340 0.431396 0.030382 0.017090
13 0.465712 0.436035 0.022569 0.021973
19 0.160807 0.417603 0.018663 0.009033
17 0.929905 0.456055 0.048177 0.024414
13 0.873915 0.454712 0.045573 0.038330
2 0.053819 0.467773 0.052951 0.041992
4 0.628255 0.445312 0.069010 0.019043
