18 0.017361 0.480591 0.032118 0.066162
18 0.053168 0.477173 0.049045 0.052002
18 0.047743 0.442383 0.090278 0.054688
13 0.121745 0.512329 0.114149 0.091064
13 0.273220 0.503906 0.109809 0.098145
19 0.258898 0.475830 0.101997 0.054688
17 0.196615 0.463623 0.026910 0.027832
3 0.604601 0.455200 0.229167 0.096436
8 0.702040 0.501709 0.226128 0.097656
12 0.847656 0.454590 0.146701 0.038574
4 0.797960 0.485962 0.059462 0.049561
9 0.902778 0.519897 0.101562 0.103760
9 0.975043 0.542847 0.045573 0.113037
13 0.907335 0.470703 0.077691 0.035645
