9 0.529567 0.837821 0.367308 0.316026
2 0.379087 0.608974 0.030769 0.073077
2 0.348678 0.561538 0.011298 0.028846
2 0.400240 0.543590 0.007692 0.017308
13 0.420913 0.560737 0.033173 0.069551
13 0.744471 0.592308 0.122115 0.172436
9 0.810457 0.592468 0.067548 0.049679
1 0.563101 0.580609 0.093510 0.129808
1 0.483293 0.560577 0.045913 0.069872
1 0.436659 0.550160 0.026202 0.054808
9 0.602404 0.569071 0.027404 0.036859
1 0.343269 0.533333 0.011538 0.019872
1 0.354688 0.535256 0.014183 0.028846
1 0.371034 0.534936 0.009856 0.025641
1 0.386298 0.538622 0.018269 0.031090
