13 0.963763 0.559896 0.071010 0.507812
13 0.652269 0.396484 0.095168 0.264323
13 0.568448 0.342448 0.049048 0.143229
13 0.528184 0.312500 0.030015 0.085938
13 0.491947 0.319010 0.033675 0.093750
13 0.760249 0.304036 0.047584 0.082031
4 0.819546 0.373047 0.218887 0.144531
19 0.712665 0.305339 0.046120 0.076823
17 0.546486 0.302734 0.021230 0.055990
3 0.496340 0.268880 0.039531 0.071615
7 0.406296 0.317057 0.103953 0.188802
7 0.433382 0.259115 0.083455 0.098958
13 0.461201 0.334635 0.014641 0.122396
3 0.751464 0.220703 0.123719 0.095052
13 0.306735 0.315755 0.043924 0.102865
