15 0.779283 0.468099 0.166179 0.149740
13 0.327965 0.436198 0.045388 0.083333
13 0.518302 0.451172 0.042460 0.097656
7 0.389092 0.393880 0.009517 0.014323
7 0.412152 0.394531 0.014641 0.023438
7 0.441069 0.391276 0.021230 0.022135
7 0.452782 0.393880 0.010981 0.019531
7 0.477306 0.410156 0.038067 0.078125
19 0.518302 0.432943 0.049780 0.089844
15 0.547218 0.427083 0.016837 0.065104
13 0.463397 0.427734 0.020498 0.061198
13 0.403001 0.417318 0.016837 0.022135
13 0.429722 0.416667 0.016105 0.023438
9 0.448023 0.438802 0.014641 0.059896
13 0.663616 0.414062 0.018302 0.028646
13 0.690337 0.418620 0.017570 0.040365
13 0.594070 0.408203 0.016837 0.024740
