3 0.601025 0.425781 0.131772 0.192708
9 0.768302 0.501953 0.046120 0.121094
13 0.466691 0.479818 0.038799 0.121094
13 0.434480 0.436849 0.018302 0.029948
13 0.483163 0.449870 0.013177 0.061198
15 0.718155 0.449870 0.062958 0.050781
4 0.506223 0.472656 0.028551 0.041667
13 0.532943 0.440755 0.013177 0.050781
7 0.441801 0.412109 0.010981 0.019531
7 0.451318 0.413411 0.010981 0.014323
7 0.467057 0.414714 0.020498 0.016927
13 0.970351 0.494792 0.051977 0.096354
13 0.362738 0.458333 0.049048 0.098958
7 0.420571 0.411458 0.012445 0.013021
