13 0.623719 0.601562 0.122987 0.375000
7 0.763543 0.423177 0.282577 0.296875
3 0.509517 0.423177 0.058565 0.101562
13 0.983529 0.482422 0.032943 0.095052
13 0.349195 0.464193 0.046852 0.097656
13 0.472914 0.476562 0.039531 0.114583
13 0.458638 0.459635 0.027086 0.083333
14 0.526354 0.455078 0.020498 0.061198
9 0.545022 0.442057 0.015373 0.045573
7 0.418375 0.414062 0.010981 0.015625
7 0.441069 0.417318 0.013909 0.019531
7 0.427160 0.417318 0.009517 0.014323
13 0.567716 0.435547 0.013909 0.029948
13 0.586384 0.430339 0.014641 0.027344
13 0.421303 0.438151 0.021230 0.029948
19 0.405564 0.417318 0.013177 0.009115
