13 0.300878 0.528646 0.079063 0.195312
13 0.573939 0.557943 0.168375 0.222656
4 0.382870 0.517578 0.084919 0.126302
9 0.441801 0.451823 0.016837 0.049479
9 0.202416 0.485026 0.028551 0.115885
13 0.980966 0.570964 0.038067 0.136719
13 0.942899 0.540365 0.035139 0.114583
20 0.902635 0.584635 0.093704 0.078125
13 0.856149 0.539714 0.065154 0.139323
13 0.742679 0.507812 0.047584 0.096354
9 0.414714 0.440104 0.012445 0.039062
13 0.375183 0.444010 0.027086 0.046875
13 0.400805 0.448568 0.018302 0.061198
13 0.315886 0.431641 0.031479 0.029948
13 0.033309 0.691406 0.065154 0.169271
