15 0.194729 0.457682 0.106881 0.144531
4 0.489385 0.524089 0.131040 0.196615
4 0.857247 0.760417 0.285505 0.372396
13 0.925695 0.495443 0.148609 0.196615
3 0.826501 0.408203 0.346999 0.188802
4 0.490117 0.452474 0.138360 0.100260
17 0.390190 0.476562 0.086384 0.182292
13 0.323206 0.454427 0.069546 0.158854
13 0.059297 0.699219 0.117130 0.593750
13 0.015739 0.384115 0.030015 0.078125
13 0.090776 0.391927 0.033675 0.078125
13 0.252196 0.411458 0.060761 0.101562
13 0.605783 0.434245 0.075403 0.105469
13 0.536603 0.420573 0.049780 0.091146
13 0.475842 0.391276 0.038067 0.032552
3 0.331259 0.349609 0.128111 0.058594
7 0.233895 0.353516 0.050512 0.061198
3 0.050878 0.347656 0.065154 0.046875
7 0.111274 0.351562 0.054173 0.057292
7 0.174231 0.360026 0.070278 0.079427
7 0.400439 0.360026 0.014641 0.061198
9 0.676428 0.563802 0.086384 0.273438
