13 0.696429 0.877384 0.081429 0.245232
13 0.754286 0.636240 0.051429 0.171662
13 0.753571 0.818801 0.055714 0.215259
13 0.833571 0.561308 0.101429 0.147139
13 0.775714 0.494550 0.062857 0.144414
13 0.284286 0.907357 0.134286 0.185286
13 0.177857 0.762943 0.098571 0.179837
13 0.407143 0.629428 0.074286 0.158038
13 0.468571 0.651226 0.077143 0.152589
9 0.638571 0.573569 0.048571 0.089918
9 0.702143 0.577657 0.055714 0.141689
9 0.929286 0.540872 0.052857 0.106267
13 0.683571 0.506812 0.047143 0.119891
9 0.579286 0.779292 0.098571 0.190736
19 0.884286 0.420981 0.142857 0.144414
4 0.598571 0.709809 0.185714 0.193460
13 0.442857 0.822888 0.137143 0.245232
4 0.305714 0.826975 0.254286 0.264305
4 0.485714 0.460490 0.131429 0.108992
4 0.422857 0.562670 0.145714 0.160763
8 0.340714 0.512262 0.152857 0.179837
4 0.596429 0.513624 0.144286 0.122616
15 0.590000 0.450954 0.154286 0.138965
8 0.661429 0.392371 0.114286 0.125341
4 0.760000 0.427793 0.137143 0.152589
8 0.092857 0.505450 0.134286 0.182561
4 0.166429 0.430518 0.087143 0.081744
4 0.163571 0.344687 0.061429 0.084469
4 0.091429 0.391008 0.057143 0.084469
4 0.205000 0.378747 0.061429 0.092643
17 0.292143 0.685286 0.112857 0.215259
17 0.184286 0.280654 0.037143 0.065395
17 0.161429 0.284741 0.034286 0.073569
15 0.277857 0.321526 0.044286 0.054496
