17 0.922396 0.891667 0.103125 0.216667
17 0.941146 0.730556 0.076042 0.168519
17 0.980729 0.653704 0.038542 0.155556
17 0.964583 0.601852 0.054167 0.096296
4 0.675000 0.913889 0.135417 0.172222
10 0.541667 0.837037 0.129167 0.303704
3 0.742708 0.693519 0.145833 0.298148
3 0.879687 0.525000 0.128125 0.275926
8 0.656771 0.612037 0.082292 0.183333
3 0.054167 0.704630 0.106250 0.383333
3 0.973437 0.462963 0.053125 0.177778
4 0.155729 0.867593 0.113542 0.175926
4 0.241146 0.803704 0.103125 0.159259
4 0.332292 0.706481 0.097917 0.164815
4 0.280208 0.591667 0.087500 0.120370
8 0.373958 0.630556 0.079167 0.172222
17 0.291146 0.474074 0.046875 0.118519
3 0.216667 0.505556 0.106250 0.244444
3 0.453125 0.541667 0.100000 0.231481
4 0.374479 0.508333 0.063542 0.087037
4 0.579167 0.458333 0.062500 0.101852
3 0.466146 0.325926 0.107292 0.140741
3 0.434896 0.361111 0.076042 0.125926
3 0.357292 0.447222 0.089583 0.172222
3 0.729167 0.441667 0.108333 0.164815
6 0.695833 0.512963 0.085417 0.096296
