3 0.705556 0.797240 0.153333 0.405520
10 0.947222 0.868365 0.101111 0.263270
4 0.486667 0.932059 0.133333 0.135881
4 0.375556 0.915074 0.117778 0.169851
4 0.464444 0.791932 0.122222 0.182590
4 0.583889 0.823779 0.110000 0.208068
19 0.840000 0.798301 0.106667 0.259023
19 0.617778 0.667728 0.086667 0.171975
8 0.529444 0.661359 0.090000 0.184713
4 0.881111 0.718684 0.071111 0.129512
4 0.849444 0.629512 0.067778 0.099788
10 0.885000 0.553079 0.076667 0.154989
4 0.567222 0.601911 0.058889 0.108280
4 0.743889 0.592357 0.056667 0.033970
4 0.817778 0.577495 0.055556 0.101911
4 0.583889 0.544586 0.052222 0.087049
4 0.646667 0.576433 0.057778 0.057325
4 0.740556 0.549894 0.056667 0.063694
4 0.767222 0.525478 0.065556 0.095541
4 0.677222 0.541401 0.056667 0.076433
4 0.634444 0.511677 0.051111 0.080679
4 0.595000 0.477707 0.047778 0.063694
4 0.693889 0.489384 0.052222 0.053079
4 0.658889 0.452229 0.053333 0.050955
4 0.626111 0.428875 0.043333 0.063694
4 0.708333 0.457537 0.043333 0.048832
17 0.662778 0.412951 0.027778 0.040340
4 0.758333 0.468153 0.050000 0.053079
4 0.819444 0.491507 0.047778 0.091295
4 0.637222 0.381104 0.032222 0.036093
10 0.732778 0.420382 0.054444 0.067941
6 0.787778 0.435244 0.035556 0.084926
4 0.677778 0.376858 0.028889 0.053079
4 0.702222 0.389597 0.026667 0.057325
3 0.783333 0.264331 0.097778 0.048832
10 0.704444 0.309979 0.024444 0.038217
4 0.806667 0.307856 0.028889 0.029724
10 0.671111 0.304671 0.022222 0.040340
3 0.675000 0.263270 0.041111 0.042463
4 0.195556 0.791932 0.111111 0.161359
3 0.128889 0.611465 0.188889 0.276008
4 0.247778 0.669851 0.073333 0.138004
4 0.358333 0.679406 0.072222 0.110403
4 0.401667 0.607219 0.087778 0.097665
4 0.241667 0.558386 0.052222 0.089172
4 0.350556 0.582803 0.036667 0.082803
4 0.374444 0.527601 0.060000 0.078556
4 0.360556 0.476645 0.067778 0.078556
3 0.538889 0.285563 0.053333 0.048832
17 0.241667 0.493631 0.043333 0.070064
17 0.266667 0.470276 0.035556 0.065817
13 0.296111 0.406582 0.018889 0.027601
13 0.205556 0.470276 0.026667 0.031847
