13 0.844771 0.634804 0.310458 0.245098
4 0.326185 0.636336 0.390114 0.183824
4 0.561070 0.560509 0.251225 0.078125
9 0.030229 0.587163 0.045752 0.053615
13 0.204861 0.537531 0.070670 0.050551
13 0.105801 0.543811 0.053922 0.064951
13 0.630310 0.534773 0.102124 0.066483
13 0.709967 0.543964 0.053105 0.094056
13 0.158905 0.546722 0.040033 0.078125
4 0.044730 0.557751 0.088644 0.063419
3 0.024306 0.508119 0.047794 0.037684
17 0.488766 0.520680 0.087010 0.022978
4 0.300245 0.539062 0.098039 0.026042
13 0.391136 0.540901 0.083742 0.063419
13 0.266136 0.520221 0.031454 0.028186
13 0.340686 0.517157 0.029412 0.018995
13 0.822712 0.515165 0.058007 0.038297
