13 0.281345 0.899110 0.232173 0.195527
17 0.141602 0.758057 0.241298 0.230880
13 0.535823 0.770924 0.191619 0.141174
9 0.077222 0.644901 0.153768 0.129630
9 0.740284 0.901275 0.150389 0.191679
9 0.924637 0.826359 0.131125 0.198653
9 0.380027 0.590188 0.077391 0.115440
9 0.464177 0.612554 0.084826 0.120250
9 0.554410 0.540765 0.078067 0.090669
9 0.455052 0.520202 0.066577 0.075517
9 0.403346 0.463203 0.048327 0.065897
9 0.361778 0.390693 0.061845 0.079125
9 0.482426 0.229197 0.025346 0.035113
9 0.467050 0.215127 0.029064 0.031506
9 0.430720 0.259740 0.037513 0.038480
9 0.386955 0.277297 0.029064 0.035113
9 0.656303 0.262145 0.031092 0.044733
9 0.513856 0.177609 0.026022 0.018519
9 0.601724 0.180375 0.021967 0.022607
9 0.590740 0.109788 0.013518 0.008899
9 0.585164 0.155724 0.012504 0.019962
9 0.479047 0.138769 0.014532 0.017797
20 0.702095 0.690596 0.174721 0.217172
4 0.866340 0.582732 0.267320 0.211640
4 0.234708 0.487494 0.205813 0.140933
17 0.664921 0.447932 0.125380 0.129149
13 0.689253 0.555676 0.113890 0.082011
17 0.528219 0.436388 0.112876 0.108466
3 0.937310 0.435426 0.125380 0.207071
4 0.510477 0.374820 0.144981 0.094036
17 0.674045 0.373858 0.120649 0.101732
13 0.726259 0.335017 0.074349 0.092833
10 0.858567 0.338865 0.118621 0.115440
4 0.764278 0.284752 0.115918 0.054353
13 0.686212 0.293050 0.063873 0.051708
17 0.617945 0.305195 0.082122 0.076960
13 0.390335 0.339466 0.074349 0.075758
13 0.316323 0.307840 0.065563 0.085137
8 0.477695 0.289202 0.102399 0.082492
4 0.361778 0.241462 0.113890 0.052910
10 0.594965 0.254570 0.107131 0.068062
13 0.414498 0.202381 0.039540 0.050265
13 0.430213 0.191679 0.029064 0.045214
13 0.515377 0.207912 0.040554 0.050265
13 0.481582 0.181457 0.027712 0.023329
13 0.442886 0.159091 0.030754 0.019962
13 0.458770 0.142617 0.023995 0.014430
3 0.701419 0.190356 0.167962 0.126263
13 0.561676 0.165224 0.031092 0.024050
13 0.571815 0.150914 0.016222 0.008899
4 0.617607 0.159091 0.030078 0.031025
4 0.605610 0.142256 0.036499 0.023329
13 0.616255 0.125180 0.019939 0.018519
17 0.572491 0.127465 0.027036 0.018759
4 0.596654 0.123256 0.023995 0.019000
3 0.520108 0.126142 0.054072 0.054113
4 0.512673 0.170875 0.044610 0.028620
4 0.528050 0.155724 0.042244 0.026696
13 0.404867 0.147427 0.019601 0.010101
13 0.460122 0.132035 0.019939 0.010582
13 0.465191 0.118927 0.018587 0.014671
13 0.490199 0.117845 0.015884 0.014911
13 0.480230 0.113877 0.014194 0.010823
13 0.469753 0.106301 0.014194 0.008658
13 0.455728 0.108586 0.016560 0.009861
6 0.446942 0.103776 0.024670 0.016595
13 0.425651 0.118446 0.015884 0.010823
13 0.427171 0.099687 0.015546 0.011785
13 0.421088 0.109668 0.013518 0.006253
13 0.456742 0.091871 0.012504 0.007215
13 0.440520 0.090789 0.013180 0.009380
4 0.568097 0.114598 0.028388 0.009861
4 0.568435 0.107263 0.028388 0.007696
4 0.591754 0.104618 0.022305 0.014911
4 0.553058 0.124459 0.012504 0.021405
4 0.582460 0.097884 0.019939 0.008658
4 0.572829 0.093074 0.015546 0.010101
3 0.507942 0.094036 0.041906 0.019721
10 0.541568 0.099567 0.026022 0.024050
3 0.549341 0.091871 0.031430 0.022607
3 0.539371 0.078523 0.037175 0.010342
3 0.514194 0.076840 0.030078 0.012266
3 0.493410 0.072150 0.022981 0.012987
3 0.481413 0.064695 0.021967 0.009620
3 0.501352 0.061929 0.017236 0.008418
3 0.566746 0.079846 0.018249 0.012987
2 0.125042 0.436628 0.059480 0.057961
2 0.074687 0.501323 0.065563 0.069024
2 0.160527 0.398990 0.047313 0.059644
