3 0.425658 0.495455 0.177632 0.136364
3 0.462500 0.376623 0.125000 0.036364
3 0.516447 0.268831 0.114474 0.054545
3 0.622368 0.466234 0.134211 0.077922
3 0.230263 0.751948 0.236842 0.103896
3 0.588158 0.650000 0.226316 0.068831
3 0.469737 0.862987 0.068421 0.266234
3 0.222368 0.900000 0.413158 0.200000
9 0.298684 0.514935 0.047368 0.048052
9 0.328947 0.567532 0.023684 0.075325
3 0.685526 0.900649 0.378947 0.190909
9 0.584868 0.562338 0.051316 0.085714
3 0.658553 0.369481 0.127632 0.035065
3 0.596711 0.325974 0.138158 0.033766
3 0.564474 0.357143 0.047368 0.085714
3 0.812500 0.261688 0.088158 0.048052
3 0.808553 0.325325 0.109211 0.066234
4 0.805921 0.674026 0.148684 0.054545
10 0.403947 0.645455 0.092105 0.127273
6 0.704605 0.532468 0.072368 0.038961
8 0.713158 0.592857 0.121053 0.048052
4 0.778289 0.591558 0.106579 0.081818
4 0.844079 0.552597 0.114474 0.076623
4 0.840789 0.742857 0.118421 0.077922
4 0.894737 0.844156 0.118421 0.124675
4 0.944079 0.957792 0.109211 0.081818
4 0.765789 0.405195 0.052632 0.051948
4 0.248684 0.458442 0.068421 0.064935
2 0.035526 0.536364 0.034211 0.033766
8 0.972368 0.777922 0.055263 0.192208
15 0.952632 0.624026 0.094737 0.128571
8 0.955921 0.529870 0.088158 0.062338
15 0.828947 0.493506 0.100000 0.064935
4 0.760526 0.483766 0.031579 0.071429
8 0.965789 0.466234 0.068421 0.062338
8 0.957237 0.446104 0.085526 0.092208
8 0.909211 0.362987 0.065789 0.063636
4 0.728947 0.353896 0.052632 0.048052
3 0.968421 0.356494 0.034211 0.087013
10 0.713816 0.318182 0.051316 0.033766
3 0.903289 0.255844 0.080263 0.033766
8 0.913816 0.286364 0.056579 0.027273
4 0.931579 0.311688 0.042105 0.023377
10 0.967105 0.298701 0.034211 0.036364
3 0.605921 0.192857 0.051316 0.032468
3 0.569737 0.242208 0.060526 0.029870
3 0.607237 0.235714 0.075000 0.048052
3 0.673684 0.242857 0.065789 0.054545
3 0.636184 0.298052 0.098684 0.050649
3 0.800000 0.206494 0.047368 0.015584
10 0.788158 0.223377 0.036842 0.020779
15 0.948684 0.216234 0.052632 0.029870
8 0.732237 0.185065 0.019737 0.019481
10 0.985526 0.213636 0.028947 0.042857
3 0.922368 0.193506 0.034211 0.023377
3 0.889474 0.191558 0.028947 0.032468
3 0.690789 0.170779 0.028947 0.019481
3 0.671053 0.196753 0.031579 0.032468
4 0.722368 0.197403 0.018421 0.015584
15 0.728289 0.235065 0.035526 0.012987
3 0.641447 0.199351 0.030263 0.029870
3 0.635526 0.179221 0.031579 0.012987
