4 0.270593 0.930300 0.134719 0.139401
3 0.246343 0.750576 0.137028 0.213134
3 0.104311 0.741359 0.151655 0.252304
3 0.026559 0.820853 0.051578 0.222350
3 0.201694 0.537442 0.080062 0.093318
3 0.184373 0.609447 0.096228 0.055300
3 0.293687 0.654378 0.122402 0.182028
8 0.440724 0.880760 0.114704 0.183180
8 0.408006 0.719470 0.093918 0.070276
4 0.575443 0.898618 0.120862 0.140553
4 0.543110 0.826613 0.086990 0.127880
4 0.527329 0.773041 0.078522 0.099078
8 0.403772 0.757488 0.073133 0.091014
4 0.776366 0.776498 0.088530 0.085253
4 0.919554 0.938940 0.148576 0.122120
4 0.877598 0.739055 0.096998 0.079493
4 0.937259 0.777074 0.096228 0.072581
4 0.977290 0.860599 0.045420 0.158986
4 0.827560 0.667627 0.047729 0.072581
3 0.956890 0.558756 0.086220 0.126728
3 0.865666 0.523618 0.099307 0.109447
3 0.791378 0.455069 0.103156 0.105991
3 0.633179 0.442972 0.097768 0.095622
4 0.503464 0.673963 0.069284 0.046083
3 0.349115 0.441244 0.060816 0.052995
10 0.574288 0.468894 0.075443 0.133641
10 0.690531 0.550691 0.070824 0.096774
19 0.755966 0.510369 0.058507 0.066820
8 0.310239 0.524770 0.052348 0.047235
4 0.391455 0.551843 0.048499 0.052995
3 0.260970 0.394585 0.052348 0.063364
3 0.242109 0.509217 0.068514 0.142857
3 0.394919 0.415323 0.061586 0.063364
15 0.477290 0.602535 0.063125 0.082949
4 0.495766 0.637673 0.061586 0.058756
4 0.445727 0.539171 0.046189 0.057604
4 0.363356 0.362327 0.020015 0.024194
4 0.386451 0.361175 0.020015 0.024194
3 0.335258 0.410714 0.051578 0.051843
3 0.307544 0.474654 0.066975 0.064516
4 0.404927 0.616359 0.053888 0.025346
4 0.409546 0.643433 0.070824 0.028802
4 0.401848 0.668203 0.072363 0.036866
4 0.978060 0.818548 0.043880 0.077189
10 0.903002 0.668203 0.110855 0.158986
3 0.745574 0.393433 0.083911 0.054147
4 0.595458 0.554147 0.045420 0.043779
4 0.762510 0.593318 0.051578 0.025346
8 0.749423 0.555300 0.033102 0.057604
3 0.667436 0.437788 0.040031 0.066820
10 0.523480 0.448733 0.033872 0.063364
3 0.474211 0.353111 0.029253 0.033410
4 0.526174 0.412442 0.025404 0.023041
4 0.501155 0.399194 0.020015 0.024194
3 0.313318 0.369816 0.038491 0.020737
3 0.296382 0.413594 0.016936 0.041475
3 0.559661 0.382488 0.030793 0.041475
3 0.526559 0.358295 0.030793 0.048387
