7 0.625667 0.668000 0.195333 0.388000
3 0.715000 0.478000 0.159333 0.250000
10 0.925333 0.871500 0.149333 0.247000
13 0.907667 0.714500 0.078000 0.079000
4 0.174667 0.905500 0.133333 0.181000
4 0.074333 0.920000 0.074000 0.116000
4 0.209000 0.749500 0.143333 0.221000
4 0.243000 0.688500 0.110000 0.185000
4 0.308000 0.596500 0.082667 0.149000
4 0.294333 0.626500 0.110000 0.103000
4 0.332000 0.477500 0.096000 0.095000
4 0.436000 0.670000 0.088000 0.222000
4 0.422667 0.700000 0.104000 0.180000
4 0.394333 0.850000 0.118000 0.300000
4 0.362000 0.905000 0.174667 0.190000
15 0.717000 0.931500 0.194000 0.137000
3 0.374000 0.355000 0.058667 0.250000
3 0.342333 0.343500 0.076667 0.139000
4 0.510667 0.443500 0.078667 0.123000
4 0.585000 0.407000 0.078000 0.108000
4 0.559667 0.346500 0.066000 0.073000
4 0.456667 0.310500 0.016000 0.079000
4 0.416333 0.329500 0.027333 0.099000
15 0.494333 0.334000 0.059333 0.090000
4 0.453667 0.239000 0.032667 0.064000
3 0.534333 0.246000 0.071333 0.126000
18 0.617667 0.273500 0.084667 0.157000
18 0.730667 0.321000 0.090667 0.160000
8 0.824333 0.331000 0.051333 0.088000
3 0.577667 0.166000 0.051333 0.064000
4 0.460000 0.189500 0.032000 0.037000
3 0.535333 0.113500 0.026667 0.041000
7 0.616000 0.147500 0.040000 0.049000
4 0.543667 0.174500 0.011333 0.025000
8 0.470333 0.175000 0.026000 0.052000
3 0.560000 0.072500 0.018667 0.039000
4 0.500667 0.148500 0.029333 0.037000
8 0.540333 0.158500 0.020667 0.043000
7 0.577333 0.116500 0.041333 0.031000
8 0.505667 0.102000 0.018000 0.022000
8 0.487000 0.121000 0.020667 0.020000
4 0.504000 0.074500 0.014667 0.019000
4 0.521333 0.077500 0.013333 0.017000
3 0.532000 0.054500 0.014667 0.015000
8 0.541000 0.076500 0.014000 0.019000
13 0.656000 0.228000 0.024000 0.050000
4 0.649667 0.347000 0.066000 0.014000
4 0.622333 0.375500 0.018000 0.057000
