13 0.844131 0.930582 0.227230 0.138837
13 0.492488 0.931832 0.224413 0.136335
13 0.700469 0.775797 0.422535 0.180738
13 0.242254 0.860851 0.343662 0.235772
13 0.367136 0.787992 0.332394 0.122577
13 0.439437 0.686054 0.120188 0.097561
13 0.684977 0.592558 0.200000 0.204503
13 0.498122 0.600688 0.260094 0.200750
13 0.794836 0.536273 0.062911 0.124453
13 0.672300 0.487179 0.118310 0.065041
13 0.697653 0.464665 0.101408 0.092558
13 0.732394 0.433709 0.114554 0.105691
13 0.465728 0.475610 0.088263 0.055660
13 0.225352 0.525328 0.135211 0.136335
13 0.111737 0.566917 0.219718 0.161976
13 0.262911 0.455910 0.097653 0.098812
13 0.055399 0.493746 0.108920 0.095685
13 0.182629 0.438399 0.096714 0.097561
13 0.304695 0.450281 0.121127 0.120075
13 0.413146 0.501876 0.099531 0.169481
13 0.611268 0.429018 0.093897 0.116323
13 0.455869 0.419012 0.087324 0.066291
13 0.530047 0.405879 0.076056 0.087555
13 0.751643 0.392433 0.079812 0.091932
13 0.477934 0.347717 0.093897 0.076298
13 0.626761 0.357411 0.096714 0.096936
13 0.470423 0.307380 0.063850 0.029393
13 0.460563 0.320513 0.076056 0.091932
13 0.581221 0.294246 0.075117 0.064415
13 0.672770 0.322389 0.087324 0.091932
13 0.747418 0.325516 0.067606 0.055660
13 0.797653 0.348030 0.070423 0.064415
13 0.842723 0.321138 0.077934 0.089431
13 0.861502 0.296748 0.077934 0.088180
13 0.901878 0.223265 0.061033 0.063790
13 0.578404 0.255472 0.056338 0.024390
13 0.624883 0.252033 0.061033 0.055034
13 0.651643 0.244528 0.056338 0.063790
13 0.754930 0.218574 0.050704 0.069418
13 0.877465 0.186054 0.049765 0.050657
13 0.933803 0.198874 0.042254 0.053784
13 0.857277 0.176986 0.026291 0.050031
13 0.907512 0.163227 0.032864 0.038774
13 0.936620 0.156348 0.030986 0.012508
13 0.957277 0.189181 0.044131 0.051907
13 0.866197 0.143215 0.042254 0.033771
13 0.976526 0.162289 0.041315 0.045654
13 0.984507 0.155097 0.030986 0.042527
13 0.960094 0.111320 0.029108 0.032520
13 0.981690 0.104753 0.023474 0.026892
13 0.968075 0.090682 0.016901 0.011257
13 0.944131 0.096936 0.021596 0.011257
13 0.984038 0.086929 0.016901 0.011257
10 0.760094 0.186679 0.089202 0.051907
12 0.921127 0.120700 0.052582 0.041276
13 0.839906 0.573171 0.154930 0.195747
15 0.934272 0.501251 0.131455 0.160725
4 0.937559 0.400250 0.124883 0.100063
4 0.959624 0.333959 0.080751 0.038774
4 0.969953 0.292996 0.060094 0.049406
4 0.977465 0.252658 0.045070 0.028768
4 0.992958 0.209193 0.014085 0.028143
4 0.991080 0.232333 0.017840 0.015635
9 0.571362 0.239837 0.038498 0.021889
