13 0.035960 0.804041 0.070669 0.177632
13 0.018449 0.649436 0.035647 0.107143
13 0.113821 0.652726 0.073796 0.098684
13 0.201063 0.641447 0.070669 0.100564
13 0.245779 0.594925 0.050031 0.082707
13 0.215447 0.578477 0.018136 0.057331
13 0.704816 0.649906 0.036273 0.145677
13 0.758599 0.916823 0.075047 0.166353
13 0.854284 0.830357 0.077548 0.218985
13 0.771732 0.738252 0.061288 0.132519
13 0.833021 0.704887 0.061288 0.118421
13 0.797061 0.641447 0.040650 0.089286
13 0.757974 0.677162 0.056285 0.108083
2 0.712633 0.864192 0.035647 0.170113
12 0.585366 0.614662 0.077548 0.195489
9 0.437774 0.590226 0.035022 0.063910
4 0.499687 0.602914 0.071295 0.109962
4 0.444653 0.692669 0.067542 0.157895
10 0.333959 0.815789 0.180113 0.364662
3 0.597248 0.891917 0.187617 0.216165
3 0.629769 0.787594 0.133834 0.422932
4 0.714822 0.580357 0.056285 0.093045
4 0.018762 0.947368 0.032520 0.082707
4 0.222639 0.696898 0.116323 0.121241
13 0.014071 0.587406 0.025641 0.048872
13 0.008443 0.554981 0.015635 0.029135
13 0.015635 0.523496 0.023765 0.050752
13 0.090682 0.522556 0.025016 0.031955
13 0.115385 0.522086 0.021889 0.034774
13 0.132583 0.512218 0.023765 0.039474
13 0.095059 0.484962 0.022514 0.022556
13 0.159475 0.486842 0.023765 0.020677
13 0.181363 0.474624 0.021263 0.024436
13 0.202627 0.468515 0.023765 0.032895
13 0.224203 0.453477 0.021889 0.025376
13 0.126329 0.481203 0.018762 0.024436
15 0.203565 0.508459 0.093183 0.048872
6 0.115072 0.579887 0.127580 0.077068
6 0.195122 0.546523 0.107567 0.089286
17 0.350219 0.500000 0.038774 0.063910
6 0.374922 0.450658 0.044403 0.046053
8 0.373046 0.547462 0.073171 0.098684
15 0.244215 0.491541 0.049406 0.062030
4 0.322076 0.459586 0.051282 0.046992
13 0.196373 0.439380 0.017511 0.025376
13 0.219512 0.433741 0.016260 0.014098
13 0.238587 0.427162 0.019387 0.023496
13 0.250156 0.445489 0.021263 0.024436
13 0.291119 0.439850 0.015635 0.024436
13 0.272983 0.432801 0.011882 0.023496
13 0.297373 0.420113 0.023139 0.030075
13 0.332708 0.418703 0.020013 0.034774
13 0.350532 0.413064 0.013133 0.025376
13 0.323640 0.409774 0.018136 0.037594
13 0.167605 0.463346 0.016260 0.024436
9 0.313321 0.414944 0.010006 0.029135
11 0.429956 0.476504 0.055660 0.054511
9 0.463415 0.440320 0.016260 0.040414
13 0.416198 0.430451 0.021889 0.037594
13 0.444966 0.415414 0.016886 0.037594
13 0.474672 0.399906 0.016260 0.029135
4 0.368981 0.425752 0.033771 0.020677
4 0.396811 0.416823 0.031895 0.029135
4 0.422764 0.404605 0.027517 0.029135
4 0.436836 0.394267 0.021889 0.027256
4 0.454034 0.388158 0.030019 0.030075
13 0.393371 0.391917 0.013759 0.018797
13 0.408380 0.387688 0.012508 0.019737
10 0.405566 0.370301 0.016886 0.020677
13 0.428080 0.374530 0.011882 0.015977
13 0.473734 0.359023 0.011882 0.016917
13 0.490932 0.352444 0.010006 0.016917
17 0.494684 0.424812 0.026266 0.033835
4 0.513446 0.399436 0.035022 0.028195
4 0.503127 0.362782 0.016886 0.020677
4 0.555660 0.432801 0.030644 0.044173
4 0.563790 0.414004 0.023139 0.029135
3 0.596310 0.475094 0.060663 0.138158
4 0.635710 0.472274 0.029393 0.059211
9 0.673233 0.491541 0.015635 0.058271
4 0.656035 0.445019 0.028768 0.042293
4 0.626954 0.426222 0.024390 0.034774
4 0.652595 0.421992 0.023139 0.028195
4 0.643840 0.412124 0.025641 0.034774
13 0.790181 0.581297 0.036898 0.072368
13 0.784240 0.538064 0.037523 0.078008
2 0.976548 0.864662 0.035647 0.120301
2 0.960913 0.803102 0.078174 0.089286
13 0.858974 0.615602 0.041901 0.075188
13 0.848030 0.579417 0.038774 0.083647
13 0.907129 0.584117 0.050657 0.087406
13 0.957786 0.562500 0.041901 0.081767
13 0.991245 0.554511 0.017511 0.078947
13 0.762664 0.498120 0.040650 0.063910
13 0.734522 0.463346 0.026892 0.024436
13 0.805191 0.479793 0.021889 0.032895
4 0.850532 0.521617 0.110069 0.062030
12 0.949656 0.496711 0.100688 0.091165
13 0.985616 0.457237 0.022514 0.027256
17 0.895872 0.487312 0.016886 0.053571
17 0.722952 0.507049 0.057536 0.066729
13 0.687305 0.437500 0.018762 0.032895
4 0.744841 0.460996 0.043777 0.042293
4 0.725766 0.436090 0.029393 0.028195
4 0.715760 0.421053 0.028143 0.026316
13 0.689806 0.417293 0.015009 0.020677
13 0.674797 0.411654 0.012508 0.031955
17 0.646654 0.387688 0.012508 0.015977
17 0.632896 0.389098 0.013759 0.015038
6 0.630707 0.370301 0.015635 0.013158
3 0.580050 0.381109 0.025641 0.038534
4 0.632583 0.346805 0.011882 0.020677
6 0.650407 0.342105 0.012508 0.020677
4 0.617261 0.351034 0.008755 0.017857
3 0.644465 0.324718 0.013133 0.014098
3 0.627892 0.320489 0.015009 0.015038
4 0.671670 0.358083 0.016260 0.016917
4 0.614447 0.385808 0.018136 0.019737
4 0.570356 0.337406 0.013759 0.016917
4 0.552220 0.330357 0.012508 0.015977
13 0.381488 0.393797 0.012508 0.026316
4 0.463102 0.428571 0.038149 0.039474
