17 0.936836 0.899436 0.121326 0.201128
4 0.712320 0.632989 0.131332 0.119361
13 0.426517 0.953947 0.085053 0.092105
13 0.325203 0.918703 0.097561 0.162594
13 0.200750 0.926222 0.098812 0.147556
13 0.110381 0.871241 0.110694 0.197368
13 0.061288 0.781485 0.118824 0.171992
13 0.228268 0.828477 0.182614 0.202068
13 0.163852 0.734962 0.061288 0.127820
13 0.058161 0.633459 0.067542 0.135338
13 0.106004 0.581767 0.048155 0.112782
13 0.565979 0.601034 0.058787 0.123120
13 0.437461 0.358553 0.024390 0.047932
6 0.373984 0.677632 0.118824 0.204887
6 0.405253 0.620771 0.078799 0.130639
6 0.424640 0.609492 0.085053 0.149436
6 0.614759 0.501880 0.073796 0.124060
6 0.854909 0.463346 0.102564 0.090226
10 0.925891 0.629229 0.148218 0.258459
3 0.689181 0.397086 0.108818 0.106203
13 0.023765 0.573308 0.046279 0.110902
13 0.080050 0.532895 0.035022 0.067669
13 0.190744 0.703477 0.073796 0.183271
13 0.262977 0.617951 0.044403 0.164474
13 0.170732 0.611842 0.052533 0.116541
13 0.154159 0.604323 0.050657 0.152256
13 0.191995 0.541353 0.041276 0.097744
13 0.235147 0.569549 0.035022 0.110902
13 0.245779 0.514098 0.038774 0.052632
13 0.060350 0.518797 0.036898 0.088346
13 0.153221 0.498120 0.047530 0.084586
13 0.118824 0.476034 0.035022 0.066729
13 0.117261 0.422462 0.024390 0.038534
13 0.167917 0.442199 0.034396 0.078008
13 0.148843 0.421992 0.030019 0.071429
13 0.209506 0.463346 0.038774 0.080827
13 0.221388 0.437970 0.028768 0.077068
13 0.260475 0.491541 0.030644 0.052632
13 0.263290 0.460996 0.028768 0.025376
13 0.279862 0.459117 0.035647 0.072368
13 0.281113 0.414944 0.024390 0.034774
13 0.193246 0.403195 0.022514 0.054511
13 0.194809 0.370301 0.021889 0.016917
13 0.302376 0.391447 0.026892 0.059211
13 0.290181 0.366541 0.022514 0.054511
13 0.279550 0.351034 0.021263 0.049812
13 0.319887 0.287124 0.013133 0.034774
13 0.277674 0.302162 0.015009 0.031015
10 0.255159 0.318609 0.031270 0.046992
12 0.310194 0.270207 0.022514 0.031015
15 0.347092 0.550282 0.071295 0.064850
4 0.350219 0.519267 0.072545 0.042293
4 0.342714 0.485432 0.063790 0.081767
4 0.401814 0.421992 0.046904 0.067669
4 0.347092 0.437500 0.058787 0.038534
4 0.346154 0.403665 0.044403 0.042293
4 0.348655 0.378289 0.039400 0.034774
4 0.355222 0.361372 0.033771 0.038534
4 0.353033 0.341165 0.030644 0.022556
4 0.353346 0.328477 0.028768 0.021617
10 0.387430 0.331297 0.026892 0.049812
4 0.403690 0.312970 0.013133 0.026316
4 0.359912 0.317199 0.024390 0.017857
4 0.358974 0.305921 0.021263 0.012218
4 0.360851 0.295583 0.015009 0.006579
4 0.366479 0.296053 0.018762 0.020677
4 0.390869 0.293703 0.022514 0.023496
4 0.364603 0.283835 0.017511 0.009398
4 0.368043 0.279605 0.016886 0.012218
4 0.367417 0.271617 0.015635 0.013158
4 0.368668 0.266917 0.015635 0.009398
4 0.368668 0.259868 0.018136 0.014098
13 0.345216 0.268797 0.010006 0.026316
13 0.329894 0.266447 0.010632 0.023496
13 0.413696 0.247650 0.009381 0.023496
13 0.395560 0.265508 0.010632 0.023496
13 0.386179 0.261278 0.009381 0.020677
13 0.356160 0.246241 0.006879 0.013158
13 0.406817 0.245301 0.006879 0.018797
6 0.402752 0.224624 0.011257 0.020677
13 0.350844 0.240132 0.006254 0.014098
8 0.422452 0.219925 0.006879 0.015038
3 0.432458 0.232613 0.015635 0.027256
17 0.440275 0.242481 0.008755 0.011278
4 0.439024 0.259868 0.013759 0.017857
8 0.343340 0.229323 0.011257 0.015038
13 0.945904 0.468515 0.056911 0.064850
13 0.981238 0.461936 0.035022 0.064850
13 0.920888 0.436560 0.023139 0.032895
13 0.892120 0.436560 0.035647 0.036654
4 0.924640 0.423872 0.054409 0.033835
9 0.797373 0.439850 0.018762 0.030075
17 0.801751 0.448308 0.008755 0.065789
4 0.765166 0.436090 0.044403 0.062030
4 0.848655 0.406485 0.051282 0.036654
4 0.810194 0.386278 0.035647 0.037594
3 0.761726 0.382989 0.052533 0.083647
3 0.735460 0.346335 0.093809 0.057331
4 0.631332 0.393327 0.018136 0.032895
4 0.593183 0.373590 0.039400 0.044173
4 0.578174 0.344455 0.026892 0.023496
4 0.624140 0.298872 0.021263 0.024436
12 0.606316 0.335056 0.031895 0.070489
3 0.545028 0.297462 0.051907 0.061090
13 0.584428 0.301692 0.013133 0.033835
4 0.644465 0.325188 0.030644 0.033835
3 0.510944 0.275376 0.023765 0.037594
4 0.530957 0.251880 0.013759 0.018797
13 0.428080 0.296053 0.013133 0.033835
13 0.294872 0.281015 0.023139 0.022556
4 0.811445 0.562970 0.080675 0.103383
4 0.751407 0.481673 0.079425 0.072368
9 0.691057 0.474624 0.021263 0.033835
