3 0.541500 0.308000 0.077000 0.130667
3 0.715000 0.350000 0.070000 0.102667
17 0.043000 0.712667 0.074000 0.126667
17 0.409500 0.455333 0.077000 0.089333
8 0.043000 0.864000 0.078000 0.197333
15 0.101000 0.936000 0.150000 0.120000
15 0.206500 0.860667 0.213000 0.073333
15 0.244500 0.822000 0.215000 0.108000
4 0.333000 0.664000 0.210000 0.154667
4 0.381000 0.600667 0.148000 0.097333
8 0.521000 0.717333 0.158000 0.181333
15 0.683500 0.510667 0.087000 0.114667
3 0.504500 0.490000 0.097000 0.140000
8 0.600500 0.648667 0.209000 0.102667
8 0.585500 0.732000 0.063000 0.136000
8 0.809500 0.520000 0.077000 0.114667
8 0.834000 0.482667 0.076000 0.080000
17 0.476500 0.378000 0.053000 0.046667
4 0.046500 0.461333 0.087000 0.058667
15 0.159000 0.420667 0.154000 0.094667
4 0.789500 0.426667 0.065000 0.074667
0 0.872000 0.422000 0.064000 0.089333
15 0.795500 0.366000 0.067000 0.070667
17 0.841000 0.342667 0.040000 0.061333
4 0.888000 0.375333 0.074000 0.057333
8 0.908500 0.332000 0.063000 0.082667
17 0.939500 0.300000 0.027000 0.058667
4 0.963000 0.287333 0.034000 0.044000
17 0.851500 0.308667 0.031000 0.025333
17 0.836500 0.294000 0.037000 0.030667
17 0.840000 0.272000 0.024000 0.016000
3 0.720000 0.334000 0.080000 0.132000
3 0.726000 0.260000 0.052000 0.018667
3 0.742000 0.246667 0.070000 0.032000
10 0.889000 0.286667 0.052000 0.045333
8 0.925000 0.253333 0.032000 0.034667
10 0.790000 0.312000 0.042000 0.042667
3 0.948000 0.187333 0.104000 0.038667
3 0.813000 0.176000 0.124000 0.050667
3 0.953000 0.162000 0.092000 0.012000
3 0.698500 0.198000 0.091000 0.036000
3 0.778000 0.216667 0.056000 0.030667
3 0.740000 0.220000 0.054000 0.018667
3 0.793500 0.235333 0.035000 0.054667
15 0.841500 0.246667 0.029000 0.032000
4 0.880500 0.242000 0.031000 0.025333
8 0.952000 0.194667 0.026000 0.021333
4 0.978000 0.249333 0.028000 0.024000
3 0.590500 0.286000 0.159000 0.153333
9 0.609500 0.511333 0.039000 0.052000
4 0.248000 0.398000 0.052000 0.049333
4 0.338000 0.370000 0.094000 0.046667
8 0.449000 0.316667 0.090000 0.041333
10 0.375500 0.338667 0.101000 0.050667
10 0.939000 0.234667 0.028000 0.029333
13 0.851000 0.230667 0.014000 0.021333
4 0.702500 0.174667 0.029000 0.010667
