3 0.090454 0.752900 0.179369 0.457077
4 0.495381 0.954756 0.156274 0.090487
4 0.292148 0.878190 0.139338 0.192575
4 0.480754 0.802204 0.122402 0.163573
4 0.201694 0.665893 0.058507 0.143852
4 0.497306 0.676914 0.101617 0.126450
10 0.277136 0.709397 0.100077 0.172854
10 0.306774 0.647912 0.097768 0.131090
10 0.200539 0.558005 0.074673 0.113689
4 0.374519 0.592227 0.083911 0.100928
17 0.481139 0.578306 0.067744 0.089327
3 0.348345 0.471578 0.105466 0.163573
8 0.486528 0.540603 0.078522 0.116009
4 0.472671 0.512761 0.067744 0.085847
10 0.237875 0.483759 0.070824 0.097448
4 0.473826 0.460557 0.062356 0.034803
10 0.256351 0.435615 0.063125 0.087007
17 0.216320 0.404872 0.029253 0.083527
4 0.211701 0.320766 0.035412 0.045244
3 0.283680 0.374710 0.108545 0.157773
19 0.378753 0.384571 0.067744 0.117169
4 0.458430 0.447796 0.057737 0.067285
15 0.463048 0.407773 0.063895 0.063805
3 0.366821 0.314965 0.065435 0.040603
4 0.459199 0.362529 0.048499 0.026682
3 0.298691 0.283643 0.066205 0.029002
10 0.454580 0.270302 0.050038 0.069606
3 0.376059 0.198376 0.037721 0.051044
3 0.410316 0.190255 0.035412 0.041763
8 0.382602 0.241879 0.029253 0.022042
3 0.341416 0.228538 0.040801 0.041763
10 0.860662 0.933875 0.186297 0.132251
8 0.805235 0.781323 0.146266 0.207657
4 0.908776 0.779582 0.139338 0.194896
4 0.967283 0.748260 0.065435 0.162413
4 0.728253 0.696056 0.104696 0.146172
10 0.836028 0.638631 0.130870 0.112529
4 0.933025 0.645592 0.107775 0.100928
4 0.969977 0.564965 0.060046 0.116009
4 0.680523 0.595128 0.089299 0.083527
15 0.785989 0.558005 0.090839 0.111369
4 0.892225 0.582947 0.089299 0.068445
8 0.660123 0.525522 0.093149 0.113689
4 0.733641 0.530162 0.067744 0.095128
4 0.856813 0.543503 0.084681 0.073086
4 0.861817 0.505220 0.085450 0.077726
8 0.717860 0.461717 0.073133 0.076566
15 0.820631 0.455916 0.073903 0.074246
15 0.696690 0.415893 0.050808 0.082367
8 0.796767 0.428074 0.060046 0.092807
4 0.755966 0.403712 0.035412 0.071926
19 0.618553 0.433295 0.043880 0.066125
4 0.629330 0.479118 0.057737 0.044084
4 0.586990 0.404872 0.043880 0.058005
4 0.658584 0.409513 0.034642 0.064965
3 0.657429 0.341647 0.078522 0.117169
3 0.573518 0.324246 0.070824 0.096288
3 0.568129 0.209397 0.038491 0.066125
