8 0.265362 0.799196 0.234809 0.138190
13 0.080330 0.715064 0.102300 0.059632
13 0.067456 0.772232 0.088912 0.074410
4 0.222279 0.641561 0.107449 0.048483
9 0.339341 0.710786 0.059389 0.032927
13 0.414178 0.639876 0.053896 0.048224
13 0.285273 0.648172 0.051493 0.045631
8 0.335736 0.592429 0.120151 0.036298
10 0.270340 0.607208 0.142465 0.040964
8 0.551665 0.618745 0.084449 0.049520
13 0.447477 0.593596 0.032612 0.035001
13 0.483694 0.589188 0.030209 0.034483
4 0.447820 0.563391 0.081359 0.022297
9 0.131480 0.630023 0.040508 0.026964
4 0.639890 0.578299 0.050807 0.028260
4 0.598867 0.565595 0.049777 0.023593
4 0.672674 0.549131 0.037418 0.020742
13 0.647442 0.527353 0.015791 0.019186
9 0.771713 0.518149 0.006866 0.011149
4 0.805012 0.507648 0.017164 0.010371
4 0.777206 0.505704 0.017164 0.010630
8 0.921215 0.540964 0.071061 0.015297
8 0.961552 0.562095 0.076897 0.017112
3 0.819602 0.594892 0.078613 0.084781
9 0.796258 0.836401 0.040851 0.071040
13 0.834020 0.540446 0.018194 0.018927
2 0.808102 0.546798 0.006866 0.009852
4 0.898215 0.571558 0.047717 0.027223
17 0.874185 0.592040 0.032612 0.037594
