13 0.176674 0.647264 0.231717 0.300349
13 0.050808 0.545402 0.056967 0.075669
13 0.551578 0.540163 0.037721 0.088475
4 0.829099 0.586147 0.090839 0.094296
16 0.678214 0.554715 0.089299 0.077998
16 0.768668 0.559371 0.053118 0.075669
8 0.794072 0.534342 0.102386 0.081490
15 0.975751 0.626310 0.048499 0.153667
4 0.458430 0.540745 0.071594 0.047730
4 0.418399 0.534924 0.040801 0.033760
3 0.676289 0.500000 0.065435 0.024447
13 0.246343 0.526193 0.040031 0.041909
13 0.178599 0.525611 0.024634 0.038417
