3 0.185142 0.880347 0.139338 0.211561
3 0.360277 0.847399 0.118553 0.194220
17 0.380293 0.964740 0.069284 0.058960
17 0.418399 0.937572 0.066975 0.113295
17 0.471132 0.866474 0.050808 0.107514
15 0.542340 0.846821 0.071594 0.114451
3 0.308699 0.770520 0.086220 0.153757
3 0.515396 0.698844 0.060816 0.123699
11 0.441493 0.802312 0.054657 0.120231
4 0.525404 0.773988 0.053118 0.065896
3 0.409161 0.706936 0.074673 0.075145
4 0.459199 0.710983 0.028483 0.050867
4 0.465743 0.683237 0.033872 0.041618
3 0.317937 0.701734 0.109315 0.090173
3 0.340647 0.654913 0.076212 0.031214
3 0.342186 0.639306 0.051578 0.023121
3 0.366821 0.638728 0.045420 0.056647
3 0.401848 0.604046 0.043110 0.047399
3 0.423018 0.610983 0.039261 0.035838
4 0.469207 0.661272 0.031563 0.020809
18 0.467667 0.631792 0.034642 0.049711
4 0.974596 0.923121 0.050808 0.068208
4 0.905697 0.961272 0.099307 0.077457
4 0.810624 0.977457 0.107775 0.045087
4 0.848730 0.877457 0.086990 0.092486
8 0.777906 0.915029 0.103926 0.160694
19 0.906851 0.827168 0.095458 0.146821
15 0.771363 0.792486 0.084681 0.093642
15 0.828329 0.784393 0.070824 0.105202
4 0.786759 0.708671 0.040031 0.048555
17 0.845651 0.744509 0.036182 0.043931
4 0.849885 0.739306 0.061586 0.040462
15 0.751347 0.743931 0.063125 0.075145
4 0.715550 0.871098 0.073133 0.114451
4 0.692456 0.822543 0.074673 0.084393
4 0.661663 0.773988 0.059276 0.075145
8 0.647421 0.727168 0.055427 0.073988
17 0.749423 0.694220 0.031563 0.028902
17 0.717475 0.687861 0.023095 0.055491
8 0.667052 0.686127 0.042340 0.063584
4 0.615473 0.717919 0.028483 0.060116
4 0.611239 0.697688 0.038491 0.047399
4 0.580831 0.657803 0.019246 0.041618
4 0.642032 0.636994 0.032333 0.032370
17 0.603541 0.594798 0.015396 0.026590
4 0.626251 0.619075 0.025404 0.026590
15 0.569669 0.623121 0.024634 0.034682
8 0.566975 0.592486 0.020785 0.026590
3 0.634719 0.591329 0.023865 0.049711
17 0.609315 0.587283 0.013087 0.025434
3 0.670516 0.597110 0.032333 0.056647
3 0.708237 0.631214 0.049269 0.071676
3 0.690531 0.613873 0.040031 0.062428
3 0.421478 0.577457 0.031563 0.019653
3 0.484604 0.556069 0.019246 0.020809
3 0.454580 0.550867 0.025404 0.049711
8 0.523865 0.590751 0.022325 0.020809
4 0.491532 0.630636 0.013087 0.031214
11 0.513857 0.622543 0.028483 0.035838
17 0.407621 0.631792 0.022325 0.008092
17 0.405312 0.654335 0.025404 0.016185
17 0.441109 0.660116 0.021555 0.020809
3 0.514627 0.528324 0.013087 0.020809
19 0.594688 0.557225 0.016166 0.020809
19 0.569669 0.550867 0.012317 0.021965
4 0.576597 0.581503 0.015396 0.020809
8 0.591994 0.579191 0.012317 0.020809
17 0.602386 0.595954 0.013087 0.026590
17 0.609315 0.587861 0.013087 0.024277
3 0.587375 0.545665 0.020015 0.030058
3 0.566590 0.529480 0.016936 0.023121
3 0.482679 0.517919 0.015396 0.013873
4 0.454965 0.586127 0.013857 0.009249
3 0.461509 0.516763 0.020785 0.013873
8 0.486913 0.604624 0.019246 0.013873
15 0.507698 0.577457 0.020785 0.012717
18 0.556967 0.508671 0.008468 0.016185
