10 0.620614 0.814621 0.109649 0.203655
8 0.551170 0.633159 0.061404 0.107050
17 0.640351 0.680157 0.052632 0.122715
4 0.554825 0.492167 0.030702 0.075718
9 0.646199 0.570496 0.026316 0.086162
9 0.607456 0.479112 0.013158 0.044386
9 0.582602 0.402089 0.010234 0.041775
14 0.600877 0.443864 0.014620 0.036554
9 0.608187 0.416449 0.011696 0.044386
17 0.605994 0.368146 0.013158 0.031332
19 0.715643 0.590078 0.039474 0.041775
17 0.738304 0.563969 0.023392 0.041775
17 0.681287 0.532637 0.014620 0.036554
15 0.428363 0.946475 0.093567 0.107050
17 0.430556 0.810705 0.057018 0.159269
17 0.301901 0.946475 0.062865 0.107050
17 0.180556 0.955614 0.077485 0.088773
17 0.349415 0.560052 0.035088 0.054830
17 0.404240 0.543081 0.030702 0.052219
10 0.211988 0.835509 0.102339 0.193211
17 0.246345 0.721932 0.057018 0.096606
4 0.327485 0.853786 0.078947 0.151436
4 0.334795 0.736292 0.070175 0.114883
4 0.418860 0.728460 0.059942 0.135770
4 0.361111 0.642298 0.058480 0.099217
8 0.426170 0.624021 0.057018 0.099217
15 0.460526 0.519582 0.049708 0.073107
4 0.315789 0.612272 0.064327 0.080940
4 0.278509 0.686684 0.068713 0.099217
17 0.378655 0.567885 0.035088 0.054830
19 0.448830 0.466057 0.035088 0.044386
4 0.422515 0.518277 0.029240 0.044386
4 0.500000 0.449086 0.029240 0.046997
9 0.578216 0.359008 0.004386 0.018277
17 0.783626 0.528721 0.014620 0.028721
17 0.766082 0.516971 0.014620 0.026110
