17 0.751157 0.792337 0.166667 0.188506
17 0.660880 0.607663 0.083333 0.088889
17 0.440972 0.601533 0.083333 0.073563
17 0.248843 0.902682 0.222222 0.194636
4 0.365741 0.698084 0.178241 0.134866
3 0.613426 0.509579 0.118056 0.107280
4 0.115741 0.826054 0.229167 0.231418
8 0.226852 0.618391 0.145833 0.116475
8 0.535880 0.618391 0.125000 0.128736
19 0.486111 0.820690 0.243056 0.312644
4 0.364583 0.588506 0.106481 0.075096
10 0.484954 0.503448 0.078704 0.070498
4 0.379630 0.530268 0.090278 0.053640
4 0.054398 0.608429 0.106481 0.072031
9 0.018519 0.551341 0.034722 0.046743
17 0.039352 0.502682 0.053241 0.035249
4 0.175926 0.514943 0.057870 0.035249
8 0.253472 0.489655 0.050926 0.039847
17 0.541667 0.492720 0.034722 0.042912
3 0.481481 0.439080 0.039352 0.036782
4 0.372685 0.479693 0.048611 0.032184
9 0.202546 0.475862 0.027778 0.027586
