3 0.394410 0.585635 0.121118 0.254144
8 0.381211 0.877072 0.119565 0.240331
4 0.055901 0.820442 0.108696 0.171271
3 0.331522 0.526243 0.128882 0.267956
3 0.447205 0.306630 0.055901 0.077348
3 0.440217 0.389503 0.063665 0.093923
13 0.153727 0.941989 0.077640 0.116022
13 0.170031 0.877072 0.076087 0.135359
13 0.231366 0.877072 0.065217 0.179558
13 0.169255 0.691989 0.049689 0.080110
13 0.180124 0.635359 0.043478 0.071823
19 0.723602 0.900552 0.118012 0.193370
15 0.656056 0.830110 0.119565 0.245856
4 0.256988 0.654696 0.076087 0.088398
7 0.587733 0.482044 0.091615 0.179558
4 0.927019 0.762431 0.111801 0.121547
4 0.177019 0.515193 0.059006 0.058011
17 0.099379 0.662983 0.065217 0.138122
4 0.051242 0.709945 0.090062 0.044199
13 0.086180 0.429558 0.023292 0.041436
4 0.609472 0.664365 0.079193 0.074586
13 0.596273 0.738950 0.052795 0.179558
13 0.877329 0.921271 0.062112 0.135359
13 0.788820 0.837017 0.055901 0.160221
13 0.780280 0.758287 0.060559 0.085635
13 0.847050 0.792818 0.066770 0.138122
6 0.725932 0.591160 0.104037 0.138122
13 0.978261 0.685083 0.043478 0.088398
13 0.818323 0.678177 0.049689 0.074586
4 0.105590 0.495856 0.062112 0.046961
15 0.153727 0.466851 0.062112 0.049724
17 0.238354 0.591160 0.051242 0.066298
4 0.261646 0.345304 0.041925 0.033149
13 0.260870 0.430939 0.024845 0.060773
13 0.222826 0.439227 0.026398 0.055249
8 0.028727 0.617403 0.054348 0.107735
19 0.368012 0.377072 0.083851 0.046961
13 0.767857 0.516575 0.029503 0.066298
13 0.916925 0.667127 0.048137 0.052486
19 0.961180 0.951657 0.077640 0.091160
