9 0.493921 0.794514 0.045593 0.090932
9 0.498480 0.614681 0.031071 0.038100
9 0.159406 0.717678 0.049308 0.070358
4 0.282844 0.818390 0.161094 0.136652
19 0.437352 0.629921 0.064843 0.066548
9 0.749240 0.663068 0.065181 0.029210
9 0.872003 0.742697 0.053360 0.059436
4 0.704998 0.868174 0.155691 0.154432
4 0.847855 0.818898 0.161094 0.143764
4 0.656873 0.631699 0.049308 0.050800
15 0.340088 0.593726 0.054711 0.038862
15 0.273894 0.594107 0.064843 0.038100
15 0.233536 0.660655 0.106383 0.075184
15 0.458798 0.579502 0.042891 0.032258
4 0.573286 0.590805 0.042891 0.035052
3 0.053360 0.715900 0.106045 0.134874
