17 0.486154 0.604396 0.104615 0.189560
17 0.462692 0.782967 0.113077 0.156593
17 0.655000 0.906593 0.116154 0.186813
17 0.896154 0.842033 0.104615 0.093407
17 0.717308 0.596841 0.080769 0.185440
17 0.964615 0.462912 0.070769 0.112637
17 0.708462 0.966346 0.126154 0.067308
17 0.581923 0.414835 0.056154 0.049451
17 0.580000 0.370879 0.050769 0.041209
17 0.749231 0.471841 0.050769 0.108516
17 0.849615 0.470467 0.046923 0.111264
17 0.813462 0.662775 0.086923 0.108516
17 0.839231 0.619505 0.080000 0.104396
17 0.916538 0.576923 0.076154 0.178571
9 0.981154 0.805632 0.037692 0.232143
9 0.881923 0.468407 0.026923 0.107143
3 0.823846 0.293269 0.087692 0.168956
15 0.316538 0.864698 0.166923 0.270604
4 0.655769 0.721154 0.136154 0.181319
15 0.791923 0.831731 0.136154 0.254121
4 0.455769 0.925824 0.166923 0.148352
4 0.520769 0.786401 0.123077 0.234890
4 0.882308 0.747940 0.127692 0.155220
4 0.596154 0.645604 0.123077 0.178571
17 0.678846 0.483516 0.073077 0.074176
3 0.789231 0.140797 0.124615 0.168956
10 0.886154 0.304258 0.047692 0.152473
10 0.503846 0.337912 0.076923 0.173077
3 0.665000 0.174451 0.066923 0.131868
10 0.720769 0.233516 0.083077 0.137363
3 0.538077 0.142857 0.083846 0.101648
10 0.548462 0.244505 0.081538 0.129121
17 0.554231 0.307005 0.033077 0.105769
17 0.543462 0.328297 0.016154 0.090659
4 0.610385 0.333104 0.053077 0.103022
17 0.734231 0.361951 0.065385 0.094780
17 0.163462 0.504808 0.056154 0.092033
3 0.067308 0.315934 0.097692 0.123626
3 0.134231 0.139423 0.070000 0.166209
3 0.069231 0.168269 0.073846 0.108516
3 0.245000 0.220467 0.074615 0.086538
17 0.547308 0.473214 0.060769 0.064560
4 0.395000 0.566621 0.099231 0.135989
4 0.374231 0.614698 0.117692 0.155220
15 0.354231 0.675137 0.133077 0.138736
3 0.556923 0.041209 0.055385 0.079670
3 0.612308 0.171016 0.043077 0.125000
