4 0.243873 0.727482 0.276961 0.200674
13 0.578636 0.592525 0.091095 0.061275
4 0.633783 0.589920 0.051879 0.046875
13 0.697508 0.594056 0.067402 0.064338
13 0.730392 0.575368 0.081699 0.036152
13 0.923203 0.587623 0.122549 0.061887
13 0.522876 0.573836 0.032680 0.042279
13 0.060866 0.566330 0.022059 0.023591
4 0.080065 0.561887 0.019608 0.014706
13 0.400735 0.588848 0.040033 0.055147
13 0.336193 0.580576 0.035948 0.045343
4 0.272059 0.577512 0.058824 0.027574
13 0.447917 0.565257 0.024101 0.028186
4 0.237132 0.570159 0.041258 0.023284
13 0.291054 0.557598 0.015931 0.018995
4 0.234886 0.553309 0.022876 0.011642
3 0.251838 0.541513 0.016748 0.007659
4 0.344771 0.555147 0.020425 0.011642
13 0.272467 0.556219 0.017157 0.015012
4 0.306577 0.551777 0.015114 0.009804
