3 0.483456 0.906863 0.287990 0.186275
3 0.849265 0.871732 0.301471 0.256536
3 0.811275 0.681373 0.325980 0.284314
3 0.635417 0.745915 0.209559 0.387255
3 0.473039 0.683007 0.120098 0.254902
3 0.634191 0.526961 0.138480 0.089869
3 0.517157 0.511438 0.093137 0.104575
3 0.436887 0.566993 0.091912 0.124183
3 0.395221 0.517157 0.113971 0.109477
3 0.425245 0.460784 0.115196 0.062092
3 0.341912 0.474673 0.090686 0.102941
3 0.064951 0.732026 0.127451 0.081699
3 0.170956 0.644608 0.136029 0.223856
3 0.188725 0.503268 0.061275 0.065359
3 0.166667 0.425654 0.034314 0.053922
3 0.283088 0.455065 0.029412 0.073529
3 0.305147 0.399510 0.053922 0.037582
3 0.261642 0.432190 0.030637 0.053922
3 0.236520 0.422386 0.017157 0.037582
3 0.251838 0.383170 0.035539 0.027778
4 0.069240 0.646242 0.067402 0.080065
4 0.125000 0.549020 0.051471 0.052288
4 0.282475 0.540033 0.057598 0.053922
4 0.719363 0.527778 0.044118 0.032680
15 0.780025 0.483660 0.035539 0.049020
17 0.321078 0.583333 0.063725 0.068627
8 0.151348 0.494281 0.028186 0.047386
17 0.137255 0.468954 0.022059 0.035948
17 0.135417 0.444444 0.018382 0.016340
4 0.191789 0.441176 0.025735 0.022876
