10 0.079687 0.653906 0.146875 0.173438
10 0.180208 0.632031 0.050000 0.076563
10 0.270833 0.615625 0.043750 0.065625
10 0.511458 0.667188 0.047917 0.078125
10 0.335938 0.600781 0.082292 0.039062
18 0.371354 0.573438 0.092708 0.034375
13 0.320312 0.634375 0.021875 0.046875
10 0.527604 0.610156 0.028125 0.048438
4 0.496354 0.610156 0.026042 0.032813
3 0.643750 0.600000 0.050000 0.075000
18 0.565104 0.579688 0.032292 0.034375
18 0.714583 0.592187 0.025000 0.034375
10 0.801042 0.617969 0.052083 0.032813
3 0.504167 0.554688 0.027083 0.031250
6 0.464583 0.578125 0.016667 0.028125
2 0.353646 0.642188 0.013542 0.021875
