10 0.044373 0.613790 0.087460 0.193828
15 0.143087 0.353423 0.067524 0.056895
15 0.204502 0.323529 0.048875 0.026037
17 0.216077 0.360174 0.033441 0.049180
17 0.258842 0.353905 0.034084 0.054002
4 0.402251 0.296046 0.031511 0.038573
17 0.455949 0.208293 0.011576 0.019286
9 0.472669 0.214561 0.007717 0.018322
17 0.504823 0.179846 0.005145 0.010608
17 0.495820 0.181292 0.002572 0.009643
16 0.102894 0.899229 0.204502 0.201543
8 0.256913 0.671167 0.135691 0.227580
4 0.344373 0.584378 0.076527 0.123433
8 0.362701 0.486500 0.078457 0.107040
4 0.410289 0.458052 0.027010 0.081003
15 0.412219 0.394889 0.051447 0.047252
4 0.436977 0.366924 0.040514 0.027965
19 0.448232 0.335101 0.042444 0.047252
19 0.479421 0.321601 0.021222 0.054966
4 0.481029 0.286885 0.025723 0.016393
15 0.489711 0.268081 0.025080 0.028930
4 0.511897 0.266635 0.007717 0.026037
19 0.516399 0.223240 0.019293 0.014465
19 0.522830 0.211186 0.014148 0.011572
19 0.340836 0.946480 0.180064 0.107040
8 0.402572 0.789296 0.149196 0.232401
4 0.424437 0.642237 0.100322 0.077146
4 0.450161 0.562199 0.078457 0.086789
4 0.445981 0.496143 0.061093 0.056895
4 0.482315 0.437319 0.054019 0.064609
4 0.504823 0.390550 0.041158 0.040501
4 0.492605 0.356316 0.043730 0.027965
4 0.522186 0.346673 0.030868 0.041466
19 0.519293 0.310029 0.035370 0.027965
8 0.532154 0.282546 0.022508 0.027001
4 0.529582 0.259402 0.017363 0.013500
3 0.536656 0.221794 0.005788 0.038573
3 0.568489 0.190453 0.018006 0.018322
3 0.590354 0.193346 0.020579 0.022179
3 0.562379 0.239151 0.043087 0.032787
3 0.585209 0.169720 0.009003 0.009643
3 0.572347 0.169238 0.009003 0.008679
3 0.602894 0.242044 0.036656 0.044359
3 0.576849 0.275796 0.045016 0.036644
3 0.584887 0.213597 0.021222 0.016393
3 0.577170 0.328833 0.055949 0.069431
3 0.611897 0.290743 0.019936 0.051109
3 0.647588 0.304725 0.052733 0.046287
3 0.665273 0.382835 0.085531 0.073288
3 0.730868 0.501446 0.106109 0.167792
19 0.816720 0.465767 0.070740 0.077146
17 0.806752 0.564127 0.041801 0.119576
17 0.866881 0.543394 0.051447 0.062681
17 0.862058 0.602218 0.068810 0.051109
17 0.827653 0.671649 0.079743 0.097396
17 0.918328 0.676471 0.087460 0.112825
17 0.871383 0.774349 0.114469 0.102218
17 0.900000 0.899229 0.115113 0.159113
17 0.920257 0.990357 0.111897 0.019286
17 0.728296 0.765670 0.082958 0.111861
17 0.726045 0.851977 0.088746 0.060752
8 0.949196 0.553038 0.090032 0.116683
4 0.884244 0.497589 0.060450 0.030858
15 0.703215 0.648023 0.095820 0.131148
15 0.569453 0.401157 0.058521 0.061716
9 0.575884 0.447927 0.022508 0.024108
16 0.608360 0.455159 0.046302 0.028930
10 0.601286 0.499036 0.059164 0.033751
10 0.627653 0.543877 0.012862 0.055931
15 0.589389 0.591128 0.073955 0.158149
4 0.527653 0.523626 0.063666 0.106075
4 0.584566 0.722758 0.105466 0.097396
19 0.571383 0.837994 0.130547 0.131148
17 0.661415 0.493732 0.032797 0.096432
3 0.724437 0.951302 0.277170 0.097396
