7 0.705000 0.763333 0.354444 0.433333
7 0.329444 0.655000 0.396667 0.336667
7 0.224444 0.367500 0.291111 0.321667
17 0.219444 0.908333 0.154444 0.180000
17 0.053889 0.823333 0.105556 0.130000
17 0.545000 0.977500 0.114444 0.041667
17 0.378333 0.951667 0.150000 0.093333
13 0.050556 0.690000 0.081111 0.166667
4 0.130556 0.521667 0.094444 0.093333
13 0.065000 0.475000 0.052222 0.196667
13 0.018333 0.475000 0.032222 0.143333
13 0.965000 0.708333 0.061111 0.083333
13 0.936667 0.645000 0.057778 0.053333
13 0.776111 0.545000 0.063333 0.110000
13 0.723333 0.502500 0.046667 0.148333
17 0.683333 0.461667 0.053333 0.146667
17 0.606667 0.480000 0.115556 0.066667
17 0.478333 0.446667 0.110000 0.080000
17 0.567222 0.403333 0.096667 0.073333
17 0.467778 0.255000 0.088889 0.113333
17 0.618333 0.250833 0.096667 0.118333
17 0.385556 0.185833 0.066667 0.058333
17 0.280000 0.075000 0.033333 0.070000
17 0.117222 0.151667 0.058889 0.086667
17 0.048889 0.123333 0.068889 0.083333
17 0.046111 0.055833 0.070000 0.038333
17 0.238333 0.049167 0.034444 0.021667
17 0.029444 0.015833 0.027778 0.028333
17 0.805556 0.202500 0.026667 0.045000
17 0.846667 0.163333 0.071111 0.046667
17 0.875000 0.418333 0.076667 0.096667
13 0.065556 0.018333 0.028889 0.033333
13 0.131667 0.065833 0.034444 0.061667
13 0.147778 0.025000 0.033333 0.036667
13 0.289444 0.023333 0.041111 0.033333
13 0.247222 0.099167 0.043333 0.055000
13 0.267222 0.146667 0.041111 0.046667
13 0.271111 0.181667 0.024444 0.030000
13 0.150556 0.101667 0.016667 0.076667
13 0.192222 0.073333 0.035556 0.053333
13 0.192222 0.148333 0.022222 0.063333
13 0.776111 0.395000 0.054444 0.156667
13 0.460556 0.120000 0.041111 0.060000
13 0.487778 0.169167 0.040000 0.058333
13 0.325556 0.219167 0.033333 0.085000
13 0.285556 0.262500 0.035556 0.045000
13 0.367222 0.248333 0.043333 0.076667
13 0.479444 0.346667 0.047778 0.080000
13 0.530000 0.332500 0.031111 0.101667
13 0.410000 0.420000 0.040000 0.100000
9 0.871667 0.655000 0.063333 0.130000
13 0.613889 0.358333 0.052222 0.073333
3 0.068889 0.933333 0.135556 0.133333
16 0.976667 0.214167 0.046667 0.151667
15 0.711111 0.285833 0.153333 0.188333
4 0.778333 0.132500 0.150000 0.128333
4 0.890556 0.049167 0.132222 0.091667
8 0.841667 0.285833 0.150000 0.145000
13 0.100556 0.186667 0.038889 0.070000
4 0.373333 0.125000 0.117778 0.080000
20 0.925000 0.179167 0.065556 0.101667
