4 0.712778 0.918432 0.143333 0.163136
4 0.908889 0.966102 0.108889 0.067797
4 0.866667 0.848517 0.142222 0.163136
4 0.641111 0.778602 0.113333 0.235169
4 0.941667 0.695975 0.114444 0.120763
4 0.817778 0.719280 0.113333 0.137712
4 0.599444 0.619703 0.081111 0.078390
4 0.622778 0.546610 0.081111 0.055085
4 0.697778 0.562500 0.055556 0.150424
4 0.574444 0.489407 0.075556 0.067797
4 0.564444 0.430085 0.055556 0.050847
4 0.555556 0.388771 0.048889 0.036017
4 0.550556 0.354873 0.036667 0.031780
4 0.860000 0.497881 0.042222 0.084746
4 0.866667 0.598517 0.068889 0.108051
4 0.197222 0.758475 0.114444 0.161017
4 0.291111 0.643008 0.086667 0.133475
4 0.157778 0.586864 0.044444 0.072034
4 0.248333 0.519068 0.052222 0.097458
4 0.600556 0.385593 0.025556 0.076271
4 0.024444 0.955508 0.046667 0.088983
4 0.401111 0.672669 0.102222 0.078390
4 0.392778 0.324153 0.025556 0.067797
4 0.349444 0.286017 0.018889 0.042373
4 0.324444 0.318856 0.026667 0.040254
4 0.297778 0.367585 0.040000 0.048729
4 0.381111 0.259534 0.020000 0.031780
4 0.421667 0.256356 0.030000 0.033898
4 0.290556 0.260593 0.025556 0.025424
4 0.334444 0.470339 0.057778 0.046610
4 0.341667 0.401483 0.032222 0.065678
4 0.334444 0.968220 0.164444 0.063559
4 0.557778 0.238347 0.024444 0.023305
4 0.318333 0.264831 0.027778 0.016949
4 0.448889 0.242585 0.017778 0.027542
4 0.908889 0.421610 0.071111 0.055085
8 0.957778 0.548729 0.080000 0.148305
8 0.781111 0.579449 0.100000 0.146186
8 0.786111 0.373941 0.041111 0.125000
17 0.831111 0.417373 0.044444 0.063559
17 0.736111 0.456568 0.034444 0.069915
17 0.636111 0.385593 0.036667 0.029661
17 0.563333 0.304025 0.033333 0.031780
17 0.036667 0.800847 0.068889 0.216102
17 0.603889 0.336864 0.034444 0.016949
10 0.548333 0.203390 0.025556 0.046610
10 0.060000 0.473517 0.075556 0.154661
9 0.218889 0.636653 0.042222 0.082627
9 0.545556 0.649364 0.022222 0.108051
9 0.864444 0.418432 0.020000 0.048729
10 0.353333 0.824153 0.144444 0.224576
9 0.218889 0.322034 0.017778 0.021186
9 0.235000 0.313559 0.007778 0.033898
8 0.260000 0.301907 0.037778 0.057203
3 0.240556 0.241525 0.052222 0.076271
3 0.320000 0.204449 0.051111 0.086864
3 0.375000 0.198093 0.052222 0.065678
3 0.095000 0.345339 0.134444 0.101695
7 0.194444 0.393008 0.095556 0.116525
15 0.280000 0.426907 0.075556 0.065678
15 0.148889 0.496822 0.097778 0.082627
15 0.428333 0.359110 0.047778 0.048729
8 0.442222 0.291314 0.037778 0.031780
15 0.396667 0.408898 0.071111 0.055085
8 0.398333 0.481992 0.067778 0.061441
8 0.403333 0.576271 0.084444 0.118644
8 0.103333 0.697034 0.060000 0.203390
3 0.605000 0.246822 0.065556 0.091102
3 0.693889 0.306144 0.107778 0.137712
3 0.768889 0.266949 0.035556 0.063559
3 0.692222 0.213983 0.060000 0.050847
3 0.647778 0.186441 0.028889 0.059322
3 0.616111 0.173729 0.032222 0.055085
3 0.575000 0.169492 0.027778 0.046610
3 0.595000 0.167373 0.010000 0.055085
19 0.676667 0.444915 0.077778 0.097458
8 0.455000 0.195975 0.021111 0.031780
9 0.463889 0.233051 0.010000 0.029661
4 0.151667 0.916314 0.181111 0.167373
