17 0.889541 0.884672 0.086022 0.148905
17 0.358260 0.562774 0.016618 0.030657
4 0.220919 0.881022 0.117302 0.138686
4 0.665689 0.789781 0.082111 0.108029
4 0.661290 0.682482 0.051808 0.062774
4 0.369501 0.652555 0.044966 0.049635
4 0.421799 0.600730 0.028348 0.039416
4 0.484848 0.533577 0.017595 0.018978
4 0.403715 0.545255 0.019550 0.021898
4 0.554741 0.601460 0.022483 0.049635
4 0.413978 0.513139 0.014663 0.016058
4 0.473118 0.493431 0.009775 0.011679
16 0.403226 0.527007 0.016618 0.011679
9 0.382698 0.605839 0.012708 0.040876
8 0.174976 0.706569 0.072336 0.084672
4 0.059140 0.661314 0.067449 0.049635
4 0.105572 0.632117 0.043011 0.040876
4 0.239003 0.574453 0.030303 0.030657
4 0.264418 0.568613 0.016618 0.027737
4 0.237048 0.550365 0.032258 0.014599
13 0.054252 0.721168 0.036168 0.064234
13 0.021994 0.740146 0.030303 0.067153
8 0.383675 0.765693 0.067449 0.112409
9 0.532747 0.519708 0.007820 0.017518
9 0.548876 0.519708 0.004888 0.020438
10 0.438416 0.545985 0.020528 0.029197
3 0.511730 0.612409 0.061584 0.127007
3 0.432063 0.518248 0.019550 0.023358
3 0.436950 0.496350 0.019550 0.017518
3 0.478983 0.471533 0.007820 0.014599
18 0.491202 0.497080 0.016618 0.033577
13 0.168622 0.644526 0.022483 0.054015
13 0.086510 0.694161 0.028348 0.062774
