6 0.131562 0.719661 0.139375 0.158043
13 0.100937 0.601129 0.065625 0.075259
13 0.160938 0.553622 0.050625 0.081844
13 0.295938 0.526811 0.035625 0.079022
13 0.330000 0.493885 0.028750 0.065851
13 0.221250 0.414393 0.023750 0.040452
13 0.439063 0.362183 0.010625 0.016933
13 0.423125 0.371119 0.015000 0.025400
2 0.184062 0.428504 0.016875 0.025400
13 0.235000 0.466134 0.023750 0.038570
13 0.224375 0.499530 0.025000 0.056444
13 0.201563 0.509878 0.029375 0.060207
13 0.399375 0.380997 0.023750 0.030103
15 0.509687 0.611007 0.074375 0.126999
16 0.646563 0.649577 0.070625 0.125118
4 0.635938 0.442615 0.035625 0.053622
2 0.565625 0.429915 0.030000 0.028222
17 0.909062 0.740357 0.081875 0.163688
3 0.791250 0.692380 0.157500 0.351834
4 0.575313 0.365945 0.021875 0.026341
10 0.625625 0.349953 0.017500 0.026341
13 0.627812 0.326435 0.009375 0.005644
3 0.609375 0.320320 0.015000 0.027281
15 0.597500 0.350894 0.017500 0.022578
15 0.590313 0.333960 0.015625 0.011289
17 0.589688 0.303387 0.006875 0.010348
17 0.602500 0.297272 0.005000 0.007526
3 0.547813 0.324083 0.019375 0.015992
3 0.560312 0.298213 0.011875 0.016933
13 0.518750 0.331138 0.006250 0.015052
13 0.504687 0.335372 0.009375 0.015992
9 0.636875 0.345720 0.005000 0.014111
