1 0.943519 0.887187 0.112963 0.220056
8 0.364815 0.860724 0.114815 0.261838
4 0.262963 0.674095 0.092593 0.144847
17 0.103704 0.619777 0.070370 0.119777
17 0.192593 0.600279 0.062963 0.114206
16 0.373148 0.601671 0.061111 0.105850
17 0.926852 0.697772 0.109259 0.142061
9 0.821296 0.811978 0.042593 0.108635
3 0.658333 0.699164 0.287037 0.529248
4 0.768519 0.608635 0.103704 0.125348
2 0.777778 0.537604 0.040741 0.055710
3 0.634259 0.396936 0.094444 0.130919
3 0.566667 0.389972 0.066667 0.094708
17 0.495370 0.470752 0.035185 0.083565
8 0.394444 0.497214 0.048148 0.091922
17 0.321296 0.516713 0.050000 0.097493
17 0.187037 0.487465 0.044444 0.072423
17 0.175926 0.451253 0.037037 0.061281
17 0.303704 0.476323 0.033333 0.072423
4 0.260185 0.458217 0.057407 0.064067
4 0.245370 0.422006 0.053704 0.058496
4 0.210185 0.403900 0.038889 0.044568
4 0.483333 0.410864 0.029630 0.041783
15 0.389815 0.426184 0.038889 0.050139
17 0.338889 0.433148 0.033333 0.069638
17 0.309259 0.417827 0.029630 0.044568
4 0.477778 0.367688 0.037037 0.044568
3 0.349074 0.362117 0.050000 0.077994
3 0.290741 0.339833 0.059259 0.072423
4 0.248148 0.356546 0.025926 0.033426
4 0.392593 0.367688 0.033333 0.044568
4 0.387963 0.334262 0.027778 0.027855
3 0.321296 0.279944 0.042593 0.052925
3 0.569444 0.267409 0.061111 0.038997
4 0.387963 0.314763 0.020370 0.016713
