17 0.885000 0.922857 0.102308 0.154286
17 0.098077 0.735000 0.085385 0.130000
17 0.198846 0.582143 0.043846 0.081429
17 0.223462 0.519286 0.022308 0.058571
17 0.360000 0.544286 0.035385 0.077143
17 0.331154 0.504286 0.025385 0.065714
17 0.321154 0.461429 0.022308 0.031429
17 0.374615 0.457857 0.027692 0.047143
17 0.452692 0.452143 0.020769 0.050000
17 0.435769 0.441429 0.013077 0.045714
17 0.759231 0.747143 0.052308 0.148571
17 0.818077 0.695714 0.040769 0.082857
17 0.787308 0.626429 0.051538 0.044286
17 0.613462 0.774286 0.034615 0.102857
14 0.552308 0.588571 0.023077 0.062857
9 0.617692 0.455000 0.015385 0.035714
13 0.655769 0.405000 0.016154 0.041429
3 0.605000 0.371429 0.019231 0.045714
9 0.593462 0.351429 0.006923 0.020000
13 0.853846 0.785714 0.046154 0.117143
13 0.808462 0.852143 0.044615 0.195714
4 0.703077 0.497857 0.043077 0.061429
17 0.537308 0.345714 0.010000 0.020000
3 0.519231 0.375714 0.026154 0.048571
13 0.495000 0.376429 0.011538 0.030000
13 0.455000 0.410000 0.016154 0.040000
3 0.408077 0.417857 0.043846 0.064286
19 0.256923 0.550000 0.043077 0.091429
13 0.155385 0.601429 0.040000 0.071429
4 0.080769 0.630714 0.095385 0.081429
9 0.953462 0.758571 0.043846 0.088571
9 0.925385 0.714286 0.030769 0.080000
9 0.852692 0.706429 0.026923 0.058571
9 0.809231 0.565714 0.013846 0.054286
