9 0.709615 0.720467 0.036154 0.108516
17 0.610000 0.449863 0.029231 0.070055
17 0.576538 0.518544 0.036154 0.092033
17 0.526923 0.583104 0.041538 0.111264
17 0.479615 0.535027 0.042308 0.100275
17 0.418462 0.338599 0.020000 0.028846
17 0.415769 0.375687 0.011538 0.042582
17 0.430769 0.379808 0.020000 0.037088
4 0.536923 0.416209 0.030769 0.049451
4 0.348077 0.537775 0.068462 0.075549
4 0.421923 0.427198 0.037692 0.052198
4 0.469231 0.362637 0.026154 0.038462
4 0.559615 0.278159 0.011538 0.020604
17 0.513462 0.300137 0.005385 0.020604
10 0.476538 0.302198 0.014615 0.032967
