17 0.565385 0.871566 0.080000 0.179945
4 0.796154 0.929945 0.110769 0.137363
4 0.960000 0.950549 0.080000 0.093407
4 0.952308 0.864011 0.095385 0.126374
8 0.804231 0.776099 0.097692 0.173077
17 0.931538 0.783654 0.073846 0.149725
10 0.912308 0.685440 0.100000 0.173077
4 0.743077 0.759615 0.038462 0.134615
3 0.593462 0.658654 0.146923 0.476648
10 0.681154 0.712225 0.026923 0.160714
8 0.825385 0.659341 0.072308 0.098901
8 0.761154 0.630495 0.073077 0.120879
17 0.843846 0.585165 0.047692 0.057692
17 0.793077 0.553571 0.041538 0.054945
17 0.753077 0.554945 0.044615 0.035714
17 0.715385 0.565247 0.029231 0.108516
10 0.684231 0.588599 0.028462 0.103022
4 0.755769 0.487637 0.045385 0.065934
4 0.692308 0.470467 0.044615 0.075549
17 0.728846 0.421016 0.030000 0.081044
17 0.796538 0.370879 0.034615 0.068681
10 0.756923 0.370192 0.056923 0.138736
10 0.643462 0.396291 0.046923 0.050824
9 0.705000 0.393544 0.016154 0.045330
4 0.698077 0.357830 0.039231 0.059066
3 0.723462 0.302885 0.046923 0.070055
3 0.620385 0.358516 0.059231 0.123626
3 0.697308 0.244505 0.036154 0.046703
4 0.671923 0.346841 0.022308 0.056319
10 0.077692 0.928571 0.153846 0.134615
12 0.159231 0.839973 0.195385 0.311813
4 0.278846 0.811126 0.062308 0.146978
4 0.368846 0.692308 0.083846 0.120879
4 0.373462 0.605082 0.071538 0.064560
15 0.255000 0.695742 0.093077 0.081044
4 0.287308 0.675824 0.059231 0.098901
10 0.281538 0.535027 0.064615 0.075549
15 0.276923 0.603709 0.072308 0.061813
4 0.362308 0.583104 0.060000 0.067308
4 0.030769 0.802198 0.060000 0.074176
17 0.035769 0.743819 0.059231 0.081044
8 0.150385 0.649725 0.082308 0.057692
4 0.027308 0.692995 0.053077 0.064560
4 0.072692 0.649038 0.073077 0.064560
4 0.021538 0.595467 0.041538 0.072802
4 0.093462 0.602335 0.065385 0.028846
8 0.181538 0.622253 0.073846 0.071429
10 0.178077 0.564560 0.062308 0.054945
4 0.226154 0.576236 0.033846 0.083791
4 0.335769 0.539148 0.045385 0.078297
4 0.646154 0.228022 0.015385 0.030220
10 0.041923 0.517857 0.062308 0.126374
17 0.100385 0.545330 0.046923 0.085165
17 0.180769 0.507555 0.041538 0.031593
8 0.124615 0.480082 0.064615 0.081044
15 0.184231 0.469780 0.053077 0.052198
3 0.146154 0.388736 0.118462 0.093407
17 0.292692 0.437500 0.031538 0.034341
3 0.314231 0.363324 0.065385 0.081044
3 0.375769 0.276099 0.045385 0.071429
