10 0.460449 0.201347 0.038086 0.052395
10 0.488770 0.183383 0.022461 0.034431
3 0.524414 0.045659 0.025391 0.019461
8 0.497559 0.278443 0.014648 0.044910
13 0.480957 0.264222 0.014648 0.022455
13 0.796875 0.946108 0.048828 0.098802
13 0.872559 0.958832 0.065430 0.070359
13 0.886230 0.903443 0.043945 0.067365
13 0.907715 0.855539 0.059570 0.055389
13 0.604492 0.784431 0.039062 0.074850
13 0.463867 0.983533 0.042969 0.032934
13 0.113770 0.710329 0.016602 0.091317
13 0.860840 0.768713 0.038086 0.079341
13 0.962402 0.662425 0.034180 0.046407
13 0.922363 0.716317 0.041992 0.061377
13 0.900879 0.641467 0.034180 0.046407
13 0.696289 0.641467 0.035156 0.061377
13 0.745605 0.571108 0.030273 0.064371
13 0.945801 0.455838 0.028320 0.043413
13 0.952148 0.616018 0.033203 0.052395
13 0.834473 0.621257 0.028320 0.029940
13 0.942383 0.386976 0.019531 0.037425
13 0.973145 0.389970 0.022461 0.022455
13 0.922363 0.412425 0.014648 0.022455
13 0.974121 0.312126 0.020508 0.028443
13 0.905273 0.240269 0.017578 0.019461
13 0.935059 0.218563 0.012695 0.020958
13 0.931641 0.273952 0.005859 0.017964
13 0.694336 0.270958 0.017578 0.026946
13 0.317383 0.528443 0.033203 0.032934
13 0.322754 0.489521 0.030273 0.038922
13 0.347168 0.458832 0.030273 0.037425
13 0.398438 0.425150 0.023438 0.050898
13 0.466797 0.514222 0.033203 0.031437
13 0.441895 0.527695 0.028320 0.022455
3 0.655762 0.040419 0.059570 0.020958
3 0.649902 0.077096 0.034180 0.025449
3 0.691406 0.065120 0.029297 0.034431
3 0.720703 0.067365 0.025391 0.014970
18 0.731445 0.086826 0.035156 0.008982
18 0.760254 0.125749 0.041992 0.062874
3 0.793945 0.180389 0.044922 0.049401
7 0.831055 0.541168 0.060547 0.118263
7 0.889160 0.457335 0.040039 0.082335
7 0.776855 0.707335 0.088867 0.157186
10 0.517090 0.923653 0.084961 0.119760
10 0.981934 0.435629 0.036133 0.062874
13 0.937988 0.505988 0.026367 0.032934
10 0.976562 0.558383 0.046875 0.083832
13 0.925293 0.583832 0.016602 0.056886
17 0.779785 0.590569 0.040039 0.058383
13 0.841797 0.683383 0.023438 0.043413
13 0.863770 0.711078 0.028320 0.035928
4 0.978516 0.748503 0.042969 0.125749
7 0.946777 0.349551 0.041992 0.046407
10 0.836914 0.445359 0.054688 0.082335
10 0.888672 0.330090 0.046875 0.052395
10 0.882812 0.248503 0.025391 0.023952
10 0.915527 0.210329 0.022461 0.034431
10 0.675781 0.916168 0.185547 0.167665
19 0.663086 0.804641 0.066406 0.049401
9 0.024902 0.971557 0.043945 0.056886
4 0.046387 0.773204 0.090820 0.067365
4 0.055176 0.865269 0.106445 0.122754
4 0.137207 0.791916 0.100586 0.086826
19 0.136719 0.958084 0.136719 0.083832
6 0.216797 0.814371 0.050781 0.065868
6 0.323730 0.604790 0.045898 0.125749
6 0.327637 0.685629 0.090820 0.074850
3 0.201172 0.648952 0.162109 0.187126
3 0.339844 0.851048 0.208984 0.288922
3 0.487793 0.641467 0.211914 0.252994
4 0.365723 0.586078 0.038086 0.085329
4 0.395996 0.518713 0.063477 0.058383
17 0.437500 0.466317 0.041016 0.070359
3 0.469238 0.373503 0.083008 0.118263
3 0.527344 0.449850 0.031250 0.127246
3 0.558594 0.279192 0.103516 0.085329
3 0.638672 0.202096 0.060547 0.065868
3 0.657227 0.130988 0.037109 0.037425
3 0.653320 0.098802 0.031250 0.017964
3 0.708496 0.126497 0.043945 0.055389
10 0.732422 0.175150 0.039062 0.038922
10 0.686035 0.208832 0.026367 0.040419
10 0.737305 0.238024 0.033203 0.029940
0 0.723145 0.268713 0.041992 0.034431
13 0.624023 0.116018 0.011719 0.013473
17 0.586914 0.229042 0.025391 0.026946
10 0.657715 0.312126 0.057617 0.037425
3 0.738770 0.354042 0.063477 0.139222
10 0.778809 0.345060 0.014648 0.073353
3 0.780273 0.250749 0.052734 0.064371
3 0.676270 0.431138 0.061523 0.179641
3 0.615723 0.494012 0.106445 0.191617
10 0.411621 0.573353 0.045898 0.035928
10 0.211426 0.493263 0.075195 0.061377
10 0.624023 0.068114 0.023438 0.031437
7 0.869629 0.190120 0.028320 0.032934
