19 0.182069 0.473750 0.066207 0.072500
9 0.167586 0.522500 0.020690 0.045000
18 0.355862 0.381250 0.071724 0.062500
9 0.366207 0.417500 0.017931 0.025000
18 0.126897 0.952500 0.251034 0.090000
18 0.124828 0.777500 0.246897 0.350000
18 0.304828 0.683750 0.118621 0.247500
18 0.446897 0.662500 0.126897 0.240000
18 0.481379 0.512500 0.102069 0.150000
18 0.458621 0.480000 0.092414 0.160000
18 0.543448 0.482500 0.060690 0.160000
18 0.670345 0.408750 0.063448 0.117500
18 0.603448 0.420000 0.051034 0.120000
18 0.548276 0.381250 0.056552 0.042500
18 0.711724 0.397500 0.024828 0.070000
18 0.733793 0.372500 0.033103 0.080000
18 0.760690 0.358750 0.026207 0.072500
18 0.786897 0.347500 0.026207 0.060000
18 0.833103 0.326250 0.035862 0.062500
