4 0.832031 0.825037 0.119141 0.174231
4 0.946777 0.972914 0.106445 0.048316
4 0.974609 0.794290 0.050781 0.150805
4 0.947266 0.691801 0.103516 0.127379
19 0.923828 0.590044 0.072266 0.105417
8 0.746582 0.562958 0.083008 0.139092
17 0.951172 0.538799 0.052734 0.102489
4 0.680176 0.502928 0.069336 0.086384
4 0.787109 0.507321 0.062500 0.089312
3 0.834961 0.420205 0.103516 0.163982
4 0.726074 0.428258 0.049805 0.077599
19 0.925293 0.344802 0.073242 0.057101
3 0.779297 0.373353 0.050781 0.120059
19 0.696289 0.390922 0.054688 0.079063
8 0.626953 0.393851 0.054688 0.081991
4 0.658203 0.380673 0.023438 0.058565
4 0.743652 0.355783 0.024414 0.046852
4 0.625977 0.338946 0.039062 0.036603
19 0.684570 0.330893 0.041016 0.046852
3 0.809082 0.304539 0.059570 0.052709
9 0.720703 0.313324 0.013672 0.032211
3 0.804688 0.239385 0.048828 0.039531
3 0.719727 0.232796 0.050781 0.043924
19 0.695801 0.281845 0.028320 0.042460
3 0.663574 0.248902 0.040039 0.064422
3 0.482422 0.210102 0.052734 0.048316
3 0.391602 0.220351 0.039062 0.048316
3 0.348145 0.226208 0.055664 0.057101
3 0.449219 0.254758 0.041016 0.061493
3 0.317383 0.273060 0.050781 0.045388
19 0.422852 0.234261 0.023438 0.029283
4 0.494629 0.251830 0.014648 0.029283
19 0.530273 0.248170 0.023438 0.030747
8 0.361816 0.278184 0.030273 0.029283
8 0.413574 0.274524 0.040039 0.027818
10 0.386230 0.264275 0.024414 0.027818
8 0.462402 0.274524 0.030273 0.027818
8 0.376465 0.291362 0.032227 0.026354
4 0.518066 0.269400 0.024414 0.020498
10 0.522949 0.302343 0.038086 0.036603
4 0.497070 0.303075 0.013672 0.026354
3 0.233398 0.315520 0.082031 0.054173
3 0.294434 0.300878 0.016602 0.057101
3 0.280273 0.330893 0.019531 0.087848
3 0.386719 0.347731 0.070312 0.074671
4 0.342285 0.368960 0.014648 0.040996
4 0.458984 0.383602 0.041016 0.055637
10 0.514648 0.368228 0.062500 0.092240
0 0.527832 0.416545 0.057617 0.089312
8 0.413574 0.391654 0.051758 0.045388
19 0.309570 0.430454 0.052734 0.076135
4 0.324219 0.446559 0.060547 0.040996
4 0.369141 0.426794 0.048828 0.062958
4 0.319336 0.389458 0.046875 0.043924
15 0.422363 0.431918 0.055664 0.058565
4 0.393066 0.472914 0.053711 0.064422
3 0.159180 0.370425 0.033203 0.064422
3 0.229492 0.379941 0.109375 0.080527
3 0.226562 0.472182 0.099609 0.124451
15 0.330566 0.527818 0.077148 0.089312
4 0.322266 0.469253 0.062500 0.045388
15 0.298828 0.575403 0.091797 0.096633
3 0.109375 0.423133 0.115234 0.081991
3 0.133301 0.500732 0.122070 0.111274
3 0.170898 0.634700 0.132812 0.241581
17 0.396973 0.560029 0.057617 0.074671
17 0.421875 0.544656 0.052734 0.076135
8 0.428711 0.527818 0.072266 0.098097
4 0.496582 0.451684 0.055664 0.062958
4 0.507812 0.480966 0.056641 0.068814
4 0.533203 0.491215 0.062500 0.039531
4 0.522949 0.517570 0.067383 0.042460
15 0.517578 0.597365 0.087891 0.105417
4 0.412109 0.603221 0.082031 0.055637
4 0.279785 0.628111 0.084961 0.093704
4 0.336914 0.674963 0.052734 0.093704
4 0.467773 0.667643 0.085938 0.096633
8 0.384766 0.718887 0.101562 0.155198
10 0.511719 0.754758 0.119141 0.200586
4 0.583984 0.725476 0.027344 0.130307
4 0.559570 0.882870 0.128906 0.158126
4 0.590820 0.950220 0.144531 0.093704
4 0.383301 0.925329 0.133789 0.137628
15 0.213379 0.762079 0.114258 0.150805
10 0.283691 0.825037 0.129883 0.229868
17 0.039551 0.485359 0.063477 0.039531
4 0.041016 0.527086 0.062500 0.043924
4 0.032715 0.568082 0.063477 0.049780
15 0.017090 0.610542 0.032227 0.090776
17 0.062988 0.647145 0.065430 0.117130
4 0.025879 0.711567 0.049805 0.108346
4 0.008789 0.794290 0.015625 0.130307
4 0.107422 0.885066 0.115234 0.139092
17 0.056641 0.931186 0.099609 0.137628
4 0.265625 0.978038 0.134766 0.043924
