3 0.240625 0.701250 0.315625 0.377500
18 0.714063 0.807500 0.246875 0.345000
18 0.912500 0.510000 0.171875 0.215000
10 0.569531 0.607500 0.214063 0.355000
10 0.463281 0.525000 0.170313 0.320000
10 0.357813 0.437500 0.137500 0.185000
3 0.260156 0.415000 0.067187 0.160000
18 0.226562 0.355000 0.090625 0.185000
18 0.150000 0.321250 0.068750 0.112500
10 0.602344 0.298750 0.073438 0.152500
10 0.741406 0.270000 0.092188 0.125000
18 0.667188 0.255000 0.062500 0.110000
17 0.750781 0.352500 0.039062 0.070000
19 0.698438 0.365000 0.053125 0.090000
19 0.921094 0.368750 0.092188 0.092500
4 0.145313 0.443750 0.062500 0.067500
19 0.050781 0.558750 0.079688 0.137500
10 0.546875 0.307500 0.043750 0.100000
6 0.512500 0.295000 0.037500 0.070000
19 0.423438 0.310000 0.075000 0.075000
3 0.351562 0.276250 0.215625 0.122500
10 0.498438 0.260000 0.043750 0.080000
10 0.103125 0.190000 0.037500 0.070000
10 0.085938 0.170000 0.031250 0.070000
4 0.098438 0.238750 0.028125 0.037500
