16 0.518066 0.974708 0.124023 0.050584
17 0.329102 0.857977 0.076172 0.159533
17 0.296387 0.775616 0.065430 0.119326
17 0.426758 0.626459 0.037109 0.062257
17 0.388184 0.613489 0.038086 0.067445
17 0.333496 0.616083 0.040039 0.070039
17 0.331055 0.571984 0.029297 0.028534
4 0.239746 0.697147 0.084961 0.073930
4 0.131348 0.604410 0.088867 0.049287
4 0.495117 0.713359 0.070312 0.088197
10 0.418945 0.742542 0.087891 0.172503
9 0.260742 0.584955 0.017578 0.033722
9 0.313477 0.556420 0.013672 0.028534
9 0.333008 0.518807 0.009766 0.023346
19 0.253906 0.518158 0.042969 0.042802
4 0.376953 0.536965 0.035156 0.046693
4 0.426758 0.524643 0.031250 0.037613
4 0.378906 0.487030 0.025391 0.029831
15 0.430176 0.494812 0.028320 0.032425
4 0.433105 0.468872 0.020508 0.019455
11 0.393555 0.462387 0.021484 0.027237
4 0.418457 0.451362 0.014648 0.015564
4 0.402832 0.448119 0.012695 0.016861
4 0.429199 0.441634 0.012695 0.014267
4 0.438477 0.435149 0.013672 0.014267
3 0.401855 0.412451 0.014648 0.020752
13 0.772949 0.946822 0.133789 0.106355
9 0.694336 0.915694 0.039062 0.088197
9 0.672852 0.850843 0.039062 0.090791
4 0.825684 0.866407 0.180664 0.176394
4 0.979004 0.944228 0.040039 0.111543
19 0.874023 0.781453 0.173828 0.190661
4 0.961426 0.798314 0.077148 0.143969
10 0.708496 0.701686 0.108398 0.166018
4 0.623047 0.661479 0.058594 0.085603
0 0.602051 0.601167 0.047852 0.079118
8 0.556641 0.570687 0.046875 0.072633
4 0.656250 0.594034 0.058594 0.049287
17 0.953125 0.686122 0.072266 0.083009
3 0.946777 0.618677 0.106445 0.137484
16 0.859863 0.687419 0.114258 0.083009
4 0.855469 0.639429 0.091797 0.067445
4 0.771973 0.693904 0.057617 0.098573
4 0.761719 0.634890 0.082031 0.071336
17 0.791016 0.607652 0.046875 0.068742
17 0.870605 0.608301 0.047852 0.057069
17 0.872070 0.572633 0.044922 0.027237
4 0.713379 0.590791 0.057617 0.055772
3 0.780273 0.549935 0.123047 0.111543
10 0.596680 0.546044 0.048828 0.041505
10 0.666504 0.555772 0.045898 0.047990
4 0.699707 0.543450 0.038086 0.038911
0 0.702148 0.521401 0.035156 0.038911
4 0.627930 0.538262 0.037109 0.041505
8 0.663086 0.512970 0.042969 0.032425
8 0.605469 0.506485 0.037109 0.037613
4 0.631348 0.503891 0.024414 0.029831
8 0.543945 0.533722 0.035156 0.040208
4 0.570801 0.520104 0.032227 0.036316
4 0.674805 0.490272 0.033203 0.018158
17 0.657227 0.481193 0.021484 0.025940
4 0.502930 0.514267 0.015625 0.032425
8 0.548340 0.498703 0.030273 0.032425
17 0.635742 0.481842 0.019531 0.019455
4 0.576660 0.492866 0.022461 0.020752
3 0.614258 0.464981 0.048828 0.037613
19 0.504395 0.479248 0.022461 0.024643
18 0.553711 0.456550 0.023438 0.025940
3 0.552734 0.418288 0.025391 0.016861
10 0.490234 0.451362 0.017578 0.020752
