11 0.628255 0.734375 0.470052 0.524306
3 0.123698 0.603299 0.244792 0.789931
4 0.371745 0.790799 0.313802 0.418403
16 0.285156 0.633681 0.195312 0.152778
19 0.830729 0.457465 0.177083 0.203125
4 0.951823 0.405382 0.070312 0.144097
9 0.966146 0.544271 0.049479 0.123264
19 0.482422 0.473958 0.201823 0.225694
17 0.615885 0.493924 0.125000 0.182292
4 0.341797 0.460938 0.191406 0.178819
3 0.566406 0.232639 0.104167 0.093750
4 0.641276 0.383681 0.118490 0.090278
0 0.855469 0.328125 0.125000 0.100694
4 0.539714 0.354167 0.100260 0.055556
4 0.954427 0.312500 0.072917 0.072917
4 0.611328 0.315104 0.076823 0.053819
9 0.289714 0.336806 0.037760 0.052083
17 0.421224 0.275174 0.042969 0.050347
17 0.496745 0.244792 0.027344 0.038194
17 0.466797 0.251736 0.024740 0.038194
4 0.707031 0.307292 0.085938 0.076389
4 0.744792 0.344618 0.104167 0.074653
4 0.660156 0.280382 0.062500 0.064236
4 0.746094 0.276042 0.052083 0.045139
19 0.840495 0.255208 0.074219 0.065972
19 0.936198 0.245660 0.072917 0.064236
10 0.710286 0.242188 0.058594 0.039931
