4 0.859629 0.868056 0.276102 0.263889
4 0.124130 0.866319 0.243619 0.263889
4 0.098608 0.637153 0.192575 0.180556
4 0.237819 0.612847 0.141531 0.159722
13 0.814385 0.566840 0.111369 0.126736
13 0.733179 0.526910 0.055684 0.102431
4 0.213457 0.488715 0.125290 0.095486
8 0.645012 0.612847 0.120650 0.204861
4 0.308585 0.486979 0.055684 0.088542
17 0.627610 0.492188 0.071926 0.046875
8 0.683295 0.429688 0.081206 0.081597
3 0.382831 0.646701 0.241299 0.435764
6 0.541763 0.470486 0.058005 0.104167
15 0.582367 0.388889 0.064965 0.059028
8 0.307425 0.395833 0.067285 0.059028
15 0.374710 0.407118 0.062645 0.043403
13 0.530162 0.398438 0.034803 0.036458
13 0.483759 0.419271 0.034803 0.019097
19 0.653132 0.365451 0.062645 0.043403
9 0.423434 0.401042 0.020882 0.031250
8 0.475638 0.386285 0.046404 0.043403
13 0.511601 0.361111 0.020882 0.041667
4 0.566125 0.346354 0.051044 0.026042
15 0.366589 0.363715 0.037123 0.036458
4 0.493039 0.329861 0.044084 0.024306
4 0.423434 0.359375 0.053364 0.038194
4 0.377030 0.334201 0.044084 0.022569
10 0.436195 0.328993 0.041763 0.022569
17 0.406032 0.307292 0.032483 0.020833
4 0.631090 0.333333 0.046404 0.017361
4 0.612529 0.312500 0.041763 0.020833
19 0.418794 0.289062 0.039443 0.015625
4 0.450116 0.309896 0.032483 0.015625
6 0.502320 0.290799 0.034803 0.029514
8 0.545244 0.320312 0.037123 0.026042
4 0.470998 0.287326 0.032483 0.019097
3 0.107889 0.371528 0.201856 0.079861
4 0.059165 0.319444 0.076566 0.024306
17 0.064965 0.463542 0.078886 0.048611
4 0.576566 0.286458 0.025522 0.020833
