19 0.698828 0.962500 0.183594 0.075000
15 0.630078 0.615972 0.167969 0.276389
4 0.601562 0.859722 0.184375 0.211111
17 0.623438 0.433333 0.078125 0.088889
15 0.541016 0.391667 0.077344 0.141667
4 0.487500 0.355556 0.029688 0.102778
17 0.425781 0.296528 0.035938 0.048611
3 0.432031 0.181944 0.085938 0.102778
3 0.484375 0.109722 0.093750 0.041667
3 0.281641 0.847917 0.266406 0.304167
3 0.439063 0.570833 0.168750 0.438889
3 0.223828 0.589583 0.172656 0.254167
3 0.066797 0.731944 0.132031 0.536111
3 0.262109 0.381944 0.114844 0.175000
3 0.151953 0.356250 0.096094 0.206944
7 0.370313 0.309028 0.093750 0.081944
3 0.274219 0.268056 0.079688 0.052778
3 0.199609 0.229167 0.074219 0.050000
3 0.349219 0.203472 0.065625 0.129167
3 0.276172 0.170139 0.069531 0.068056
3 0.280078 0.222917 0.067969 0.040278
3 0.341016 0.116667 0.049219 0.033333
3 0.262500 0.112500 0.056250 0.050000
3 0.350391 0.071528 0.036719 0.034722
10 0.304297 0.113194 0.025781 0.045833
