4 0.215625 0.565278 0.010938 0.016667
4 0.228516 0.559028 0.011719 0.015278
4 0.237891 0.568750 0.010156 0.020833
3 0.198047 0.545833 0.013281 0.025000
3 0.283984 0.543750 0.017969 0.023611
4 0.314453 0.568056 0.017969 0.027778
4 0.328906 0.558333 0.012500 0.019444
4 0.355469 0.565278 0.021875 0.027778
4 0.370703 0.558333 0.010156 0.027778
9 0.379297 0.577083 0.010156 0.029167
4 0.253516 0.564583 0.021094 0.012500
4 0.259375 0.605556 0.076563 0.072222
4 0.083203 0.638194 0.086719 0.106944
17 0.176563 0.643056 0.093750 0.161111
2 0.460547 0.571528 0.007031 0.031944
