8 0.178986 0.833333 0.088406 0.168889
2 0.152174 0.694444 0.020290 0.051111
9 0.361594 0.540000 0.062319 0.048889
13 0.134058 0.354444 0.047826 0.082222
13 0.164493 0.223333 0.082609 0.086667
13 0.073913 0.231111 0.084058 0.053333
13 0.238406 0.180000 0.068116 0.084444
13 0.710145 0.232222 0.026087 0.037778
13 0.721014 0.182222 0.033333 0.057778
13 0.658696 0.153333 0.059420 0.075556
13 0.860145 0.518889 0.073913 0.073333
13 0.906522 0.438889 0.065217 0.033333
17 0.255072 0.812222 0.057971 0.108889
17 0.275362 0.932222 0.057971 0.131111
17 0.368116 0.954444 0.055072 0.091111
17 0.423913 0.520000 0.056522 0.053333
17 0.721014 0.266667 0.056522 0.040000
4 0.953623 0.496667 0.086957 0.091111
4 0.567391 0.576667 0.062319 0.104444
4 0.621014 0.518889 0.073913 0.100000
4 0.507246 0.830000 0.078261 0.135556
10 0.555797 0.945556 0.085507 0.108889
4 0.771739 0.628889 0.079710 0.164444
4 0.426087 0.855556 0.089855 0.137778
4 0.332609 0.850000 0.082609 0.104444
4 0.178986 0.962222 0.073913 0.075556
4 0.042029 0.344444 0.081159 0.053333
13 0.060870 0.394444 0.028986 0.051111
4 0.229710 0.313333 0.134783 0.066667
4 0.212319 0.384444 0.100000 0.075556
4 0.424638 0.308889 0.133333 0.102222
4 0.778261 0.072222 0.095652 0.086667
4 0.076087 0.300000 0.100000 0.075556
20 0.865942 0.472222 0.044928 0.033333
20 0.605072 0.144444 0.056522 0.053333
