17 0.044828 0.592500 0.086897 0.135000
17 0.447586 0.755000 0.073103 0.220000
17 0.880000 0.763750 0.096552 0.217500
17 0.463448 0.547500 0.060690 0.115000
17 0.757931 0.418750 0.051034 0.082500
17 0.560690 0.388750 0.034483 0.032500
9 0.898621 0.621250 0.042759 0.077500
9 0.842069 0.560000 0.034483 0.075000
9 0.633103 0.458750 0.022069 0.057500
9 0.586897 0.362500 0.023448 0.040000
9 0.718621 0.372500 0.022069 0.045000
9 0.415172 0.285000 0.013793 0.030000
2 0.675862 0.471250 0.019310 0.052500
3 0.505517 0.216250 0.020690 0.032500
3 0.528276 0.223750 0.022069 0.037500
3 0.553793 0.247500 0.026207 0.055000
3 0.598621 0.245000 0.022069 0.050000
17 0.615862 0.267500 0.009655 0.030000
3 0.638621 0.280000 0.035862 0.060000
3 0.365517 0.245000 0.030345 0.035000
3 0.323448 0.258750 0.040000 0.032500
3 0.338621 0.298750 0.067586 0.047500
3 0.284138 0.397500 0.113103 0.160000
3 0.754483 0.811250 0.226207 0.377500
3 0.575172 0.600000 0.124138 0.380000
4 0.346897 0.747500 0.131034 0.250000
15 0.674483 0.326250 0.033103 0.057500
15 0.213793 0.362500 0.049655 0.075000
4 0.440690 0.291250 0.023448 0.037500
8 0.408276 0.330000 0.038621 0.050000
15 0.526207 0.317500 0.031724 0.050000
4 0.291034 0.303750 0.024828 0.037500
9 0.810345 0.493750 0.031724 0.057500
4 0.443448 0.463750 0.062069 0.057500
4 0.468966 0.398750 0.044138 0.062500
4 0.510345 0.421250 0.033103 0.087500
4 0.482759 0.342500 0.033103 0.050000
4 0.486897 0.305000 0.027586 0.025000
4 0.500690 0.240000 0.016552 0.025000
4 0.515172 0.255000 0.015172 0.020000
4 0.515862 0.282500 0.019310 0.025000
