13 0.877000 0.958541 0.022000 0.046434
13 0.803000 0.945274 0.020000 0.082919
10 0.879000 0.898010 0.084000 0.058043
13 0.984000 0.922886 0.028000 0.104478
13 0.626000 0.938640 0.032000 0.122720
13 0.850500 0.727197 0.021000 0.081260
10 0.932000 0.777778 0.136000 0.169154
9 0.599000 0.914594 0.018000 0.064677
17 0.918500 0.223881 0.013000 0.026534
17 0.926000 0.192371 0.014000 0.016584
3 0.874500 0.213101 0.031000 0.034826
3 0.842500 0.179104 0.023000 0.049751
3 0.813000 0.226368 0.030000 0.041459
3 0.812500 0.178275 0.025000 0.038143
3 0.768000 0.255390 0.044000 0.066335
3 0.842500 0.242952 0.025000 0.024876
3 0.869000 0.247927 0.028000 0.034826
3 0.899000 0.257877 0.030000 0.034826
3 0.836000 0.264511 0.032000 0.018242
3 0.804000 0.294362 0.034000 0.038143
3 0.861500 0.290216 0.025000 0.043118
3 0.893500 0.291045 0.035000 0.034826
3 0.874000 0.361526 0.044000 0.076285
3 0.834500 0.328358 0.025000 0.036484
3 0.811000 0.380597 0.040000 0.067993
3 0.764000 0.342454 0.058000 0.054726
17 0.917500 0.283582 0.013000 0.036484
3 0.714000 0.473466 0.066000 0.140962
3 0.764500 0.482587 0.073000 0.142620
13 0.851500 0.432836 0.011000 0.026534
13 0.843000 0.394693 0.016000 0.016584
13 0.841000 0.487562 0.016000 0.026534
13 0.881000 0.650912 0.034000 0.038143
13 0.830000 0.635987 0.014000 0.044776
13 0.813000 0.554726 0.020000 0.034826
13 0.779000 0.604478 0.022000 0.031509
17 0.820500 0.475124 0.025000 0.051410
4 0.804000 0.514096 0.038000 0.026534
17 0.734000 0.296849 0.020000 0.036484
3 0.694000 0.281095 0.048000 0.051410
3 0.660000 0.300166 0.020000 0.043118
3 0.568000 0.349088 0.094000 0.121061
10 0.486000 0.396352 0.062000 0.053068
13 0.406000 0.403814 0.016000 0.028192
13 0.422500 0.408789 0.017000 0.024876
13 0.388500 0.449420 0.013000 0.019900
13 0.405500 0.470149 0.013000 0.024876
13 0.376500 0.484245 0.009000 0.049751
13 0.272000 0.504975 0.016000 0.028192
13 0.340000 0.485904 0.012000 0.029851
17 0.419000 0.501658 0.044000 0.031509
13 0.326000 0.480929 0.014000 0.036484
4 0.413000 0.542289 0.052000 0.056385
10 0.351500 0.535655 0.069000 0.056385
3 0.034500 0.430348 0.067000 0.071310
3 0.028500 0.495025 0.055000 0.058043
4 0.027000 0.546434 0.046000 0.041459
4 0.081500 0.599502 0.075000 0.054726
4 0.076500 0.557214 0.053000 0.033167
4 0.101000 0.529022 0.054000 0.029851
4 0.176500 0.538972 0.033000 0.026534
4 0.297000 0.635987 0.046000 0.058043
4 0.297500 0.591211 0.041000 0.024876
4 0.351500 0.577944 0.063000 0.028192
4 0.404000 0.616086 0.024000 0.044776
4 0.350500 0.656716 0.059000 0.063018
17 0.430000 0.597844 0.030000 0.051410
3 0.532500 0.514925 0.165000 0.180763
4 0.482000 0.621891 0.068000 0.033167
4 0.565500 0.645937 0.069000 0.074627
4 0.466000 0.665008 0.058000 0.046434
4 0.464500 0.742952 0.061000 0.106136
15 0.538500 0.815920 0.079000 0.165837
4 0.574500 0.737148 0.063000 0.111111
17 0.777000 0.556385 0.036000 0.061360
17 0.729500 0.604478 0.045000 0.044776
17 0.655500 0.602819 0.039000 0.044776
17 0.620500 0.651741 0.033000 0.046434
17 0.629500 0.713101 0.041000 0.069652
17 0.776500 0.649254 0.045000 0.048093
17 0.821000 0.686567 0.042000 0.049751
9 0.698000 0.684909 0.020000 0.029851
13 0.668500 0.651741 0.021000 0.066335
9 0.659500 0.782753 0.015000 0.043118
17 0.698000 0.788557 0.058000 0.048093
4 0.681000 0.719735 0.050000 0.059701
4 0.724000 0.656716 0.054000 0.033167
4 0.788500 0.715589 0.037000 0.034826
4 0.715500 0.883914 0.119000 0.119403
19 0.779500 0.792703 0.105000 0.149254
