4 0.961458 0.886574 0.077083 0.215741
17 0.909635 0.557870 0.128646 0.212037
17 0.790625 0.850463 0.188542 0.299074
17 0.683073 0.619907 0.120313 0.219444
17 0.540625 0.602778 0.109375 0.203704
19 0.680469 0.470833 0.186979 0.223148
4 0.418490 0.662500 0.175521 0.286111
4 0.503385 0.457870 0.132812 0.136111
4 0.516146 0.382870 0.115625 0.119444
10 0.285677 0.411111 0.122396 0.212963
15 0.369010 0.402778 0.108854 0.185185
4 0.399740 0.350000 0.084896 0.101852
4 0.280729 0.301852 0.071875 0.077778
4 0.202604 0.326852 0.068750 0.112963
3 0.532552 0.269444 0.225521 0.244444
9 0.351302 0.244907 0.030729 0.054630
2 0.965365 0.488889 0.061979 0.081481
20 0.892969 0.435648 0.119271 0.108333
4 0.221354 0.236111 0.053125 0.094444
3 0.264062 0.181481 0.106250 0.159259
9 0.341927 0.175000 0.016146 0.048148
17 0.152865 0.254630 0.032813 0.074074
4 0.137760 0.212500 0.047396 0.065741
9 0.105990 0.195833 0.014063 0.039815
4 0.125781 0.148611 0.031771 0.050926
4 0.101823 0.132870 0.020313 0.041667
4 0.081510 0.125926 0.024479 0.038889
17 0.203125 0.146759 0.020833 0.047222
10 0.323177 0.174074 0.027604 0.068519
3 0.286719 0.113426 0.067187 0.071296
3 0.179167 0.076852 0.043750 0.059259
3 0.144531 0.046759 0.029687 0.054630
4 0.120052 0.103241 0.021354 0.032407
4 0.066146 0.105093 0.012500 0.036111
4 0.176823 0.878241 0.185938 0.243519
4 0.035156 0.910185 0.061979 0.164815
9 0.138802 0.691204 0.088021 0.145370
4 0.102083 0.547222 0.114583 0.175926
4 0.017188 0.621296 0.032292 0.179630
4 0.088281 0.429167 0.091146 0.113889
4 0.017448 0.440278 0.033854 0.128704
4 0.069271 0.350926 0.065625 0.085185
4 0.015104 0.339815 0.029167 0.092593
19 0.050260 0.267593 0.068229 0.100000
4 0.036458 0.210648 0.042708 0.065741
4 0.019531 0.155093 0.025521 0.034259
4 0.025781 0.173148 0.033854 0.024074
4 0.018229 0.134259 0.025000 0.029630
4 0.009635 0.087963 0.015104 0.020370
