19 0.115625 0.402778 0.213542 0.283333
17 0.513542 0.650000 0.335417 0.570370
17 0.317448 0.465278 0.169271 0.310185
17 0.361458 0.330093 0.112500 0.108333
17 0.458333 0.317593 0.102083 0.105556
4 0.566146 0.462963 0.226042 0.268519
3 0.579948 0.243981 0.257812 0.230556
3 0.833333 0.500463 0.327083 0.999074
3 0.188281 0.254167 0.235937 0.337963
3 0.057552 0.225000 0.046354 0.112963
3 0.021875 0.245833 0.037500 0.078704
10 0.397656 0.243981 0.135937 0.106481
10 0.648438 0.335648 0.140625 0.304630
