17 0.585156 0.650463 0.351562 0.699074
17 0.083333 0.746759 0.165625 0.502778
17 0.034115 0.331944 0.064062 0.232407
17 0.030469 0.431019 0.058854 0.226852
3 0.118229 0.200463 0.235417 0.263889
17 0.133594 0.318981 0.141146 0.236111
17 0.210156 0.438426 0.277604 0.423148
17 0.397135 0.361111 0.158854 0.290741
17 0.339844 0.219444 0.124479 0.040741
17 0.444010 0.280093 0.083854 0.162037
4 0.508594 0.222222 0.079687 0.081481
17 0.582031 0.251389 0.085938 0.125000
17 0.662240 0.281019 0.140104 0.119444
17 0.820312 0.387500 0.152083 0.302778
17 0.748437 0.268519 0.079167 0.151852
17 0.964323 0.354630 0.066146 0.251852
17 0.883073 0.284259 0.075521 0.179630
19 0.616146 0.177778 0.084375 0.053704
17 0.460938 0.184722 0.054167 0.050926
17 0.534896 0.167130 0.057292 0.036111
13 0.335156 0.173148 0.033854 0.059259
17 0.660937 0.211574 0.058333 0.049074
17 0.685937 0.211574 0.051042 0.063889
17 0.792708 0.205093 0.050000 0.043519
4 0.938281 0.217593 0.032813 0.064815
4 0.977344 0.211574 0.045312 0.063889
