17 0.088281 0.739352 0.170313 0.521296
17 0.109375 0.480093 0.217708 0.362037
17 0.068490 0.290278 0.135937 0.054630
17 0.171354 0.307870 0.102083 0.150926
17 0.254167 0.323148 0.114583 0.196296
3 0.312760 0.194907 0.301563 0.147222
17 0.373437 0.468056 0.263542 0.391667
17 0.639583 0.667593 0.434375 0.653704
17 0.913542 0.545370 0.172917 0.481481
17 0.884115 0.349074 0.175521 0.172222
17 0.956250 0.275000 0.068750 0.107407
17 0.897396 0.258796 0.100000 0.049074
17 0.727865 0.297685 0.088021 0.149074
17 0.809115 0.281944 0.070312 0.132407
17 0.534896 0.350000 0.157292 0.200000
17 0.481771 0.257870 0.116667 0.050926
17 0.404167 0.253241 0.061458 0.056481
13 0.515885 0.223148 0.025521 0.061111
17 0.606250 0.217130 0.055208 0.049074
17 0.675521 0.218056 0.056250 0.050926
19 0.754427 0.221296 0.085938 0.053704
19 0.886719 0.207870 0.064062 0.056481
4 0.646354 0.288426 0.085417 0.104630
