4 0.219531 0.730556 0.438021 0.538889
4 0.475260 0.432870 0.164062 0.173148
4 0.585938 0.403704 0.089583 0.129630
17 0.073438 0.387500 0.063542 0.117593
17 0.361458 0.362963 0.036458 0.057407
3 0.731250 0.342593 0.208333 0.268519
3 0.927344 0.361111 0.126562 0.170370
3 0.982031 0.337037 0.035937 0.140741
17 0.845052 0.362963 0.029687 0.072222
9 0.164844 0.414815 0.046354 0.103704
9 0.233594 0.410185 0.036979 0.087037
10 0.466146 0.359259 0.107292 0.105556
12 0.403385 0.348148 0.030729 0.098148
9 0.303646 0.382870 0.031250 0.047222
