3 0.724479 0.405556 0.154167 0.092593
19 0.921875 0.426389 0.112500 0.104630
17 0.837240 0.442593 0.069271 0.087037
17 0.861198 0.529167 0.080729 0.150926
17 0.053385 0.645370 0.105729 0.296296
17 0.087760 0.574074 0.147396 0.175926
17 0.184635 0.634259 0.153646 0.296296
17 0.305990 0.613426 0.181771 0.247222
17 0.425781 0.540741 0.083854 0.155556
17 0.353125 0.477315 0.104167 0.084259
17 0.378646 0.435648 0.065625 0.043519
17 0.467708 0.520833 0.114583 0.152778
17 0.550260 0.534259 0.128646 0.164815
17 0.595313 0.588889 0.167708 0.216667
17 0.734635 0.606019 0.095312 0.258333
17 0.748437 0.534259 0.091667 0.172222
17 0.773958 0.487037 0.057292 0.103704
17 0.747917 0.440278 0.075000 0.052778
17 0.660937 0.493519 0.096875 0.116667
17 0.634115 0.451852 0.069271 0.064815
19 0.488021 0.439815 0.138542 0.077778
19 0.596094 0.441667 0.073438 0.092593
4 0.257292 0.481019 0.102083 0.065741
4 0.119792 0.471759 0.128125 0.058333
4 0.409375 0.792130 0.476042 0.415741
4 0.903906 0.586111 0.192188 0.185185
3 0.942187 0.685185 0.115625 0.614815
19 0.546354 0.381944 0.051042 0.026852
