17 0.941406 0.528241 0.114062 0.104630
10 0.675781 0.822222 0.307812 0.355556
4 0.835156 0.790278 0.279687 0.336111
3 0.699479 0.377315 0.314583 0.319444
20 0.910156 0.448148 0.119271 0.105556
19 0.909375 0.697222 0.181250 0.359259
4 0.725781 0.563889 0.183854 0.183333
17 0.549740 0.394907 0.058854 0.125000
15 0.568229 0.604630 0.207292 0.257407
4 0.580208 0.533333 0.158333 0.174074
9 0.607552 0.487500 0.028646 0.063889
4 0.372917 0.603241 0.156250 0.223148
4 0.406771 0.477315 0.119792 0.156481
3 0.399740 0.297685 0.172396 0.250926
10 0.472917 0.248611 0.053125 0.104630
4 0.325260 0.367130 0.086979 0.132407
17 0.262240 0.431019 0.065104 0.143519
8 0.261719 0.302315 0.070312 0.113889
4 0.207292 0.319907 0.059375 0.132407
9 0.148958 0.309722 0.026042 0.049074
17 0.284635 0.272222 0.032813 0.068519
4 0.281250 0.243056 0.054167 0.076852
17 0.230208 0.243981 0.037500 0.075000
17 0.214844 0.212500 0.025521 0.054630
4 0.242448 0.203241 0.029687 0.058333
4 0.184896 0.222222 0.046875 0.062963
4 0.145833 0.199537 0.036458 0.065741
3 0.295573 0.156481 0.074479 0.100000
3 0.195833 0.112037 0.048958 0.087037
4 0.103906 0.172685 0.036979 0.047222
8 0.135677 0.140278 0.028646 0.049074
4 0.157552 0.124074 0.019271 0.027778
4 0.109635 0.130556 0.019271 0.025926
4 0.072396 0.114352 0.018750 0.039815
17 0.230469 0.130556 0.026562 0.050000
4 0.182292 0.868519 0.183333 0.262963
9 0.159896 0.679167 0.052083 0.130556
4 0.035937 0.962963 0.067708 0.074074
4 0.028125 0.756944 0.054167 0.265741
4 0.111719 0.579630 0.093229 0.175926
4 0.019531 0.547222 0.038021 0.146296
4 0.100000 0.453704 0.087500 0.127778
4 0.076302 0.377778 0.069271 0.090741
4 0.021094 0.429167 0.041146 0.110185
4 0.019010 0.360185 0.036979 0.077778
19 0.064062 0.301852 0.061458 0.107407
4 0.040104 0.225000 0.041667 0.061111
15 0.015885 0.301852 0.030729 0.062963
4 0.033594 0.190278 0.026562 0.017593
4 0.026302 0.172222 0.022396 0.029630
4 0.025260 0.151389 0.018229 0.019444
4 0.022656 0.131481 0.019271 0.027778
4 0.005729 0.208796 0.010417 0.036111
3 0.159115 0.085185 0.024479 0.053704
4 0.014583 0.108796 0.017708 0.032407
