9 0.681250 0.693056 0.106250 0.239815
9 0.258073 0.962037 0.091146 0.075926
4 0.300260 0.725000 0.598437 0.531481
4 0.669792 0.510185 0.238542 0.253704
4 0.290365 0.503704 0.397396 0.224074
4 0.172396 0.464815 0.259375 0.188889
19 0.568229 0.409259 0.223958 0.198148
17 0.785156 0.417593 0.094271 0.170370
17 0.837240 0.395833 0.092188 0.156481
17 0.870833 0.356481 0.061458 0.114815
17 0.904687 0.341204 0.036458 0.100926
17 0.702865 0.363889 0.068229 0.096296
4 0.745313 0.340278 0.051042 0.056481
4 0.805729 0.319444 0.042708 0.057407
3 0.857812 0.284722 0.095833 0.062037
3 0.189323 0.297685 0.225521 0.115741
17 0.062240 0.369907 0.116146 0.126852
17 0.176042 0.363889 0.109375 0.125926
17 0.284896 0.358333 0.093750 0.103704
17 0.361198 0.352778 0.079687 0.107407
17 0.407292 0.338889 0.046875 0.090741
17 0.461458 0.352778 0.065625 0.103704
