17 0.514844 0.652315 0.357812 0.695370
17 0.803385 0.516204 0.232813 0.502778
17 0.141146 0.479167 0.281250 0.478704
17 0.214844 0.354630 0.172396 0.303704
17 0.096354 0.243056 0.172917 0.084259
17 0.034115 0.178704 0.064062 0.059259
17 0.079167 0.167130 0.045833 0.050926
17 0.124479 0.180556 0.102083 0.077778
17 0.227083 0.189352 0.096875 0.060185
17 0.344010 0.302315 0.102604 0.252778
17 0.350260 0.165278 0.085938 0.065741
17 0.452865 0.287500 0.135937 0.230556
17 0.566146 0.236574 0.082292 0.154630
17 0.627344 0.177778 0.074479 0.053704
17 0.645312 0.279630 0.161458 0.162963
17 0.721354 0.216667 0.105208 0.092593
17 0.791927 0.201389 0.089063 0.076852
17 0.800000 0.163426 0.068750 0.062037
17 0.876042 0.179630 0.061458 0.053704
17 0.900521 0.296759 0.093750 0.230556
17 0.821875 0.251852 0.169792 0.105556
19 0.617188 0.149537 0.101042 0.075000
4 0.983073 0.206944 0.033854 0.076852
3 0.740625 0.154167 0.052083 0.062037
