19 0.286458 0.598148 0.568750 0.803704
19 0.454427 0.329167 0.277604 0.347222
4 0.791927 0.396759 0.250521 0.343519
4 0.676302 0.278704 0.125521 0.175926
4 0.779948 0.199537 0.090104 0.100926
4 0.854687 0.222685 0.116667 0.137963
17 0.962240 0.191204 0.070312 0.125000
4 0.694271 0.183333 0.071875 0.094444
17 0.613542 0.202315 0.093750 0.158333
3 0.702865 0.133796 0.172396 0.137963
17 0.075000 0.171296 0.143750 0.062963
17 0.257552 0.174537 0.127604 0.047222
17 0.376302 0.158796 0.121354 0.049074
