3 0.903646 0.726389 0.189583 0.500926
3 0.562240 0.563426 0.340104 0.437963
3 0.213802 0.275000 0.219271 0.277778
3 0.078906 0.166204 0.074479 0.150926
3 0.048438 0.084259 0.094792 0.088889
3 0.236458 0.050463 0.045833 0.032407
17 0.751042 0.872222 0.198958 0.255556
4 0.435937 0.786111 0.225000 0.264815
4 0.212760 0.510185 0.133854 0.174074
17 0.253646 0.441204 0.077083 0.156481
19 0.103125 0.369907 0.106250 0.156481
4 0.035156 0.291667 0.064062 0.092593
10 0.043490 0.216667 0.076563 0.096296
17 0.165885 0.349537 0.042188 0.121296
17 0.262760 0.437500 0.082812 0.145370
17 0.354167 0.293056 0.046875 0.110185
17 0.710677 0.521759 0.090104 0.180556
4 0.448437 0.325926 0.102083 0.103704
4 0.389323 0.402778 0.031771 0.109259
14 0.373698 0.347685 0.024479 0.067593
4 0.166667 0.120833 0.047917 0.037963
4 0.151562 0.106019 0.054167 0.056481
4 0.222396 0.100463 0.059375 0.045370
