3 0.492969 0.101852 0.124479 0.094444
3 0.648438 0.146296 0.169792 0.103704
3 0.867448 0.185648 0.265104 0.245370
19 0.945312 0.507407 0.109375 0.448148
17 0.908333 0.415278 0.172917 0.337963
17 0.960417 0.237963 0.079167 0.070370
17 0.896094 0.334722 0.168229 0.245370
17 0.582292 0.684259 0.586458 0.631481
17 0.141146 0.659722 0.281250 0.673148
17 0.157812 0.417130 0.307292 0.363889
17 0.040885 0.228704 0.079687 0.061111
17 0.541146 0.370833 0.291667 0.215741
17 0.670312 0.329630 0.177083 0.175926
17 0.695833 0.310185 0.181250 0.207407
19 0.749479 0.243056 0.125000 0.163889
17 0.505469 0.265741 0.188021 0.092593
4 0.394531 0.279167 0.140104 0.152778
17 0.170833 0.214815 0.154167 0.062963
3 0.446094 0.137037 0.073438 0.066667
17 0.529948 0.162500 0.043229 0.045370
