3 0.932812 0.708796 0.132292 0.582407
4 0.624740 0.712500 0.336979 0.317593
17 0.037760 0.677778 0.073438 0.300000
17 0.074219 0.621759 0.132812 0.215741
17 0.200521 0.645370 0.162500 0.281481
17 0.312500 0.659722 0.210417 0.284259
17 0.399479 0.586111 0.103125 0.196296
17 0.520833 0.600000 0.148958 0.187037
17 0.607031 0.596759 0.144271 0.139815
17 0.247656 0.500926 0.078646 0.083333
19 0.390625 0.505556 0.147917 0.122222
19 0.550000 0.479630 0.098958 0.096296
3 0.757031 0.464815 0.180729 0.116667
17 0.888281 0.504630 0.065104 0.112963
17 0.820052 0.619907 0.083854 0.212037
17 0.844271 0.537037 0.059375 0.098148
17 0.721094 0.539815 0.077604 0.088889
17 0.746875 0.543519 0.075000 0.111111
17 0.740885 0.492130 0.076563 0.047222
17 0.642188 0.508333 0.095833 0.068519
17 0.110677 0.515278 0.123437 0.065741
17 0.473698 0.537963 0.079687 0.111111
19 0.525781 0.434722 0.047396 0.037963
19 0.605990 0.449537 0.057812 0.037963
17 0.651302 0.448611 0.036979 0.039815
