17 0.333854 0.725926 0.663542 0.548148
17 0.576302 0.500000 0.213021 0.448148
17 0.704688 0.370370 0.112500 0.272222
17 0.832031 0.358333 0.134896 0.248148
17 0.899219 0.306481 0.070312 0.185185
17 0.170833 0.410185 0.294792 0.275926
17 0.060937 0.371759 0.120833 0.239815
3 0.064583 0.194907 0.128125 0.169444
17 0.284635 0.253241 0.128646 0.063889
17 0.344531 0.363426 0.138021 0.226852
17 0.402083 0.319444 0.108333 0.207407
15 0.430208 0.232407 0.103125 0.090741
19 0.567187 0.195833 0.082292 0.047222
13 0.306250 0.202315 0.028125 0.060185
17 0.538542 0.268519 0.084375 0.138889
17 0.666667 0.257407 0.085417 0.098148
17 0.603125 0.235185 0.041667 0.081481
17 0.725000 0.221759 0.042708 0.047222
17 0.776563 0.235648 0.058333 0.047222
17 0.788802 0.210648 0.031771 0.043519
4 0.965104 0.286574 0.069792 0.149074
4 0.920573 0.217130 0.066146 0.052778
19 0.683594 0.181019 0.059896 0.043519
13 0.369010 0.202315 0.021354 0.060185
17 0.509635 0.194907 0.030729 0.030556
