17 0.115365 0.358333 0.228646 0.262963
3 0.022135 0.167593 0.043229 0.077778
3 0.099740 0.184722 0.126562 0.130556
3 0.205729 0.156944 0.043750 0.060185
4 0.221615 0.228704 0.020313 0.061111
3 0.520052 0.208796 0.429688 0.206481
17 0.359635 0.369444 0.229687 0.270370
17 0.379688 0.396296 0.263542 0.285185
17 0.547917 0.329630 0.156250 0.201852
17 0.655990 0.329167 0.121354 0.204630
17 0.810677 0.457407 0.302604 0.362963
17 0.720313 0.382870 0.209375 0.265741
17 0.814063 0.267593 0.154167 0.092593
17 0.965104 0.342130 0.069792 0.226852
9 0.334896 0.792130 0.433333 0.415741
20 0.379688 0.662500 0.502083 0.380556
19 0.077604 0.225926 0.151042 0.092593
