3 0.904948 0.236111 0.190104 0.261111
3 0.933073 0.154167 0.128646 0.130556
3 0.132031 0.702315 0.259896 0.595370
3 0.373958 0.199537 0.096875 0.163889
3 0.591146 0.134259 0.076042 0.181481
3 0.873177 0.041667 0.085938 0.075926
3 0.718229 0.044444 0.058333 0.085185
4 0.758333 0.202778 0.056250 0.087037
19 0.781771 0.144444 0.054167 0.107407
19 0.842969 0.105093 0.044271 0.043519
10 0.720833 0.098148 0.053125 0.079630
17 0.679948 0.069907 0.018229 0.049074
17 0.672396 0.027315 0.017708 0.047222
9 0.296094 0.341204 0.028646 0.047222
20 0.313021 0.271296 0.043750 0.100000
4 0.810156 0.750463 0.170313 0.313889
4 0.636719 0.873148 0.148438 0.253704
17 0.311198 0.895833 0.124479 0.208333
17 0.296875 0.700463 0.100000 0.236111
17 0.376302 0.543519 0.070312 0.187037
4 0.447135 0.744444 0.109896 0.283333
4 0.737760 0.469444 0.091146 0.172222
17 0.650521 0.408796 0.061458 0.139815
19 0.574479 0.532407 0.101042 0.270370
4 0.464844 0.462500 0.079687 0.152778
4 0.334896 0.416204 0.093750 0.136111
4 0.379167 0.312500 0.058333 0.134259
17 0.421615 0.320370 0.043229 0.114815
4 0.479427 0.323148 0.064062 0.109259
4 0.565625 0.340278 0.067708 0.132407
4 0.634115 0.319444 0.063021 0.094444
4 0.689844 0.290278 0.066146 0.119444
4 0.615104 0.242130 0.058333 0.071296
4 0.665625 0.208333 0.055208 0.075926
4 0.650521 0.168519 0.040625 0.075926
4 0.637760 0.114352 0.027604 0.065741
10 0.547917 0.249537 0.052083 0.106481
4 0.489063 0.240278 0.046875 0.082407
4 0.452083 0.213889 0.048958 0.083333
15 0.483333 0.172222 0.037500 0.068519
4 0.467969 0.106019 0.033854 0.067593
4 0.505469 0.133796 0.041146 0.054630
4 0.533594 0.167130 0.035937 0.058333
4 0.533594 0.113426 0.029687 0.052778
4 0.502344 0.086111 0.022396 0.051852
4 0.510156 0.056944 0.025521 0.034259
4 0.536198 0.065278 0.024479 0.036111
19 0.576042 0.030093 0.046875 0.041667
4 0.619531 0.021759 0.024479 0.032407
4 0.465104 0.030093 0.035417 0.034259
15 0.508594 0.017130 0.026562 0.026852
4 0.469010 0.981019 0.108854 0.037963
