15 0.184896 0.686111 0.265625 0.337037
4 0.422396 0.451852 0.156250 0.214815
4 0.307292 0.901852 0.237500 0.196296
4 0.527083 0.957407 0.167708 0.085185
4 0.960417 0.693981 0.079167 0.367593
4 0.968750 0.412963 0.062500 0.209259
4 0.961979 0.250926 0.076042 0.150000
4 0.958854 0.134259 0.071875 0.109259
0 0.952083 0.053704 0.058333 0.105556
4 0.560677 0.218981 0.071354 0.136111
4 0.780990 0.151389 0.067187 0.121296
4 0.791146 0.069444 0.053125 0.077778
4 0.805469 0.015278 0.034896 0.023148
4 0.611198 0.098148 0.066146 0.087037
4 0.555990 0.218981 0.068229 0.132407
10 0.517448 0.140278 0.083854 0.125000
7 0.643229 0.193981 0.091667 0.152778
17 0.630990 0.675463 0.136979 0.304630
17 0.543490 0.436574 0.082812 0.215741
17 0.733073 0.069444 0.041146 0.088889
17 0.690365 0.037037 0.036979 0.066667
17 0.667708 0.087963 0.038542 0.074074
3 0.145833 0.493056 0.290625 0.502778
3 0.679167 0.352778 0.155208 0.346296
4 0.755208 0.247685 0.052083 0.147222
9 0.492708 0.253241 0.047917 0.060185
9 0.773958 0.443519 0.030208 0.096296
9 0.808594 0.275926 0.028646 0.075926
3 0.571875 0.056481 0.114583 0.111111
3 0.637760 0.018519 0.029687 0.035185
4 0.745833 0.033796 0.035417 0.065741
