3 0.234896 0.114815 0.197917 0.187037
3 0.075000 0.119907 0.141667 0.217593
19 0.080729 0.380093 0.157292 0.219444
4 0.223437 0.431019 0.227083 0.212037
17 0.610677 0.733333 0.169271 0.396296
17 0.246094 0.927315 0.251563 0.132407
4 0.351562 0.725926 0.317708 0.400000
17 0.420833 0.467593 0.157292 0.172222
17 0.518750 0.391667 0.104167 0.170370
17 0.863542 0.278704 0.050000 0.107407
17 0.801042 0.320833 0.060417 0.125000
2 0.792708 0.398148 0.041667 0.088889
3 0.950521 0.201389 0.097917 0.243519
17 0.904687 0.187500 0.025000 0.060185
4 0.416146 0.339352 0.147917 0.137963
4 0.322396 0.298611 0.153125 0.121296
4 0.473698 0.261111 0.118229 0.101852
4 0.570312 0.275926 0.094792 0.101852
4 0.630469 0.302315 0.086979 0.121296
4 0.702083 0.347685 0.113542 0.150926
4 0.698958 0.257407 0.068750 0.083333
17 0.679688 0.223148 0.050000 0.083333
15 0.663281 0.196759 0.068229 0.086111
15 0.775000 0.255556 0.081250 0.109259
15 0.347135 0.235185 0.116146 0.103704
15 0.104427 0.241204 0.117188 0.080556
4 0.213802 0.281481 0.154688 0.105556
4 0.268490 0.223148 0.073438 0.057407
4 0.215365 0.202315 0.081771 0.063889
19 0.339323 0.173148 0.076563 0.059259
3 0.376563 0.147222 0.095833 0.083333
4 0.401042 0.195833 0.053125 0.050926
4 0.442448 0.213426 0.076563 0.060185
4 0.474740 0.186574 0.043229 0.043519
4 0.526302 0.187500 0.055729 0.052778
4 0.586719 0.223148 0.084896 0.064815
4 0.741667 0.210648 0.058333 0.062037
4 0.722917 0.179167 0.042708 0.047222
4 0.830729 0.225926 0.043750 0.077778
4 0.879687 0.236574 0.041667 0.071296
4 0.811198 0.192130 0.042188 0.050926
4 0.871094 0.196759 0.039062 0.052778
8 0.762240 0.158796 0.042188 0.041667
3 0.565104 0.126852 0.117708 0.075926
3 0.691406 0.094444 0.083854 0.075926
19 0.615104 0.163426 0.060417 0.065741
4 0.837760 0.163426 0.027604 0.032407
19 0.887240 0.146759 0.036979 0.039815
19 0.806510 0.150463 0.030729 0.036111
3 0.766406 0.109722 0.033854 0.045370
17 0.019531 0.777315 0.038021 0.137963
4 0.046875 0.926389 0.087500 0.147222
4 0.859635 0.145833 0.024479 0.041667
