4 0.257292 0.812037 0.508333 0.375926
4 0.308333 0.555093 0.306250 0.213889
4 0.534896 0.618981 0.253125 0.345370
4 0.950781 0.695370 0.098437 0.290741
4 0.853646 0.529630 0.125000 0.174074
10 0.856250 0.430093 0.098958 0.145370
17 0.757292 0.577778 0.098958 0.266667
4 0.640625 0.512500 0.086458 0.154630
4 0.728646 0.460185 0.052083 0.103704
17 0.779427 0.422685 0.029687 0.073148
4 0.714583 0.432870 0.055208 0.078704
4 0.705208 0.415741 0.050000 0.075926
4 0.223437 0.466667 0.102083 0.087037
17 0.314323 0.432870 0.075521 0.049074
17 0.404687 0.429167 0.068750 0.067593
3 0.443750 0.374537 0.162500 0.139815
