2 0.761979 0.810185 0.198958 0.379630
2 0.190365 0.897685 0.379688 0.204630
17 0.084115 0.344907 0.161979 0.337963
17 0.322396 0.346759 0.253125 0.308333
17 0.582031 0.359259 0.271354 0.337037
4 0.863802 0.456481 0.267188 0.390741
4 0.865885 0.331944 0.255729 0.236111
17 0.969271 0.218519 0.061458 0.103704
17 0.914583 0.172222 0.047917 0.079630
17 0.825521 0.247685 0.150000 0.189815
17 0.767708 0.243981 0.091667 0.204630
3 0.968229 0.109722 0.063542 0.147222
17 0.505469 0.257407 0.124479 0.207407
17 0.586458 0.193981 0.164583 0.054630
17 0.610938 0.162500 0.103125 0.045370
17 0.276562 0.284722 0.167708 0.250926
17 0.104167 0.194907 0.163542 0.075000
3 0.129427 0.136111 0.257812 0.174074
17 0.610156 0.156019 0.093229 0.065741
13 0.331771 0.143056 0.022917 0.050926
13 0.355990 0.148611 0.025521 0.054630
13 0.383333 0.149537 0.026042 0.067593
13 0.458073 0.156019 0.031771 0.062037
13 0.522656 0.153241 0.028646 0.034259
