17 0.090885 0.225926 0.141146 0.066667
17 0.128385 0.289815 0.255729 0.096296
17 0.328125 0.236111 0.115625 0.094444
17 0.829427 0.526389 0.338021 0.475000
17 0.707812 0.424074 0.206250 0.379630
17 0.237500 0.608333 0.470833 0.646296
17 0.502865 0.299074 0.150521 0.200000
17 0.626042 0.294907 0.110417 0.197222
17 0.448698 0.233333 0.070312 0.092593
4 0.920052 0.356019 0.159896 0.208333
17 0.758854 0.241204 0.104167 0.065741
17 0.890885 0.264815 0.113021 0.087037
17 0.956250 0.250926 0.086458 0.088889
3 0.733594 0.181481 0.106771 0.083333
3 0.948698 0.175926 0.102604 0.098148
17 0.822135 0.255556 0.030729 0.090741
4 0.261719 0.242130 0.042188 0.075000
4 0.390104 0.367130 0.251042 0.230556
