3 0.950781 0.241204 0.098437 0.239815
3 0.199479 0.154167 0.235417 0.191667
3 0.370573 0.203704 0.100521 0.092593
3 0.544531 0.173148 0.123437 0.088889
3 0.658594 0.143519 0.077604 0.090741
3 0.700000 0.159722 0.060417 0.047222
3 0.046354 0.202315 0.070833 0.125000
3 0.280729 0.828704 0.560417 0.342593
4 0.079687 0.706944 0.157292 0.215741
19 0.141406 0.518981 0.278646 0.239815
4 0.475260 0.640741 0.252604 0.272222
17 0.743750 0.608796 0.113542 0.291667
9 0.863281 0.486111 0.040104 0.109259
9 0.889323 0.381019 0.030729 0.062037
17 0.777604 0.404630 0.066667 0.155556
17 0.813542 0.339352 0.051042 0.108333
17 0.768229 0.311111 0.043750 0.100000
17 0.858073 0.315741 0.033854 0.094444
17 0.456771 0.434722 0.103125 0.147222
17 0.480469 0.372685 0.086979 0.136111
17 0.344531 0.543981 0.152604 0.230556
15 0.027083 0.468056 0.047917 0.145370
4 0.202604 0.366667 0.207292 0.105556
4 0.330729 0.403241 0.169792 0.134259
4 0.628125 0.427778 0.104167 0.183333
4 0.579948 0.328241 0.096354 0.115741
4 0.546094 0.281481 0.090104 0.083333
4 0.663802 0.282870 0.071354 0.076852
4 0.633854 0.254167 0.067708 0.065741
4 0.743750 0.263889 0.056250 0.074074
4 0.706250 0.249074 0.050000 0.088889
4 0.742448 0.218981 0.036979 0.041667
4 0.028125 0.309259 0.054167 0.059259
4 0.072917 0.284259 0.119792 0.085185
4 0.198958 0.313889 0.161458 0.083333
4 0.186719 0.255093 0.083854 0.049074
4 0.253646 0.272222 0.060417 0.072222
15 0.338021 0.263889 0.114583 0.077778
8 0.326302 0.218981 0.076563 0.049074
17 0.677083 0.325463 0.051042 0.117593
17 0.808073 0.273148 0.042188 0.059259
4 0.866146 0.274074 0.054167 0.079630
4 0.802083 0.248611 0.041667 0.062037
17 0.783594 0.224537 0.023438 0.047222
4 0.888281 0.239352 0.028646 0.065741
4 0.864323 0.222222 0.019271 0.059259
8 0.801042 0.198611 0.033333 0.045370
3 0.750000 0.162500 0.031250 0.023148
3 0.011458 0.178704 0.021875 0.270370
19 0.432292 0.312037 0.145833 0.148148
4 0.668229 0.279630 0.070833 0.068519
4 0.472656 0.230556 0.043229 0.029630
4 0.516146 0.232870 0.054167 0.045370
19 0.606250 0.208796 0.048958 0.050926
4 0.826042 0.212500 0.026042 0.050926
4 0.899219 0.193981 0.019271 0.036111
