4 0.091667 0.773148 0.181250 0.453704
19 0.481510 0.737963 0.560937 0.524074
3 0.455208 0.407407 0.197917 0.168519
17 0.267448 0.519907 0.107812 0.154630
8 0.419531 0.464815 0.122396 0.090741
17 0.064323 0.529167 0.124479 0.121296
17 0.108073 0.489352 0.118229 0.049074
4 0.181250 0.471759 0.098958 0.065741
4 0.762240 0.537963 0.078646 0.164815
4 0.936979 0.676852 0.126042 0.355556
4 0.873698 0.555093 0.082812 0.137963
4 0.701562 0.471759 0.053125 0.065741
4 0.822396 0.500926 0.052083 0.098148
10 0.889062 0.454630 0.054167 0.066667
17 0.873437 0.483796 0.039583 0.052778
