3 0.465365 0.935185 0.033854 0.129630
3 0.438021 0.835648 0.033333 0.126852
3 0.438021 0.709259 0.036458 0.079630
3 0.445052 0.619444 0.024479 0.064815
3 0.409635 0.618519 0.019271 0.066667
3 0.430208 0.576852 0.018750 0.059259
3 0.369531 0.413426 0.016146 0.047222
3 0.358073 0.278241 0.009896 0.021296
13 0.490365 0.991667 0.010937 0.011111
4 0.492188 0.919444 0.025000 0.048148
17 0.479687 0.873148 0.016667 0.040741
10 0.462240 0.798148 0.027604 0.046296
13 0.424219 0.660185 0.008854 0.018519
9 0.423177 0.628241 0.003646 0.012037
9 0.395052 0.540741 0.004687 0.014815
9 0.391146 0.487037 0.005208 0.014815
17 0.387760 0.603241 0.010937 0.026852
17 0.383854 0.565741 0.009375 0.024074
13 0.376823 0.447685 0.007812 0.017593
13 0.383333 0.438889 0.005208 0.016667
4 0.391927 0.450000 0.010937 0.018519
4 0.382812 0.398611 0.009375 0.015741
10 0.358594 0.302315 0.008854 0.019444
4 0.343750 0.273148 0.006250 0.011111
4 0.358073 0.237500 0.003646 0.006481
