1 0.070164 0.425128 0.049305 0.165128
9 0.120101 0.348718 0.027813 0.123077
2 0.040666 0.160513 0.013906 0.068718
19 0.030763 0.134359 0.047198 0.073846
13 0.097977 0.205641 0.050990 0.076923
13 0.089760 0.158974 0.029499 0.065641
13 0.352086 0.326667 0.024020 0.122051
18 0.338180 0.203590 0.077960 0.117949
10 0.397598 0.169744 0.024863 0.081026
1 0.378635 0.424615 0.050990 0.184615
13 0.378424 0.128718 0.016013 0.056410
1 0.380531 0.269744 0.026970 0.114872
1 0.405394 0.300000 0.032870 0.101538
9 0.464812 0.293333 0.025284 0.057436
4 0.529920 0.498974 0.073746 0.163077
13 0.589971 0.548718 0.058154 0.166154
19 0.653603 0.440513 0.147493 0.161026
4 0.708386 0.514872 0.165192 0.127179
4 0.799199 0.638462 0.152128 0.171282
13 0.705225 0.682051 0.074589 0.248205
1 0.623894 0.776410 0.109145 0.332308
1 0.821745 0.883077 0.160135 0.233846
19 0.895912 0.826154 0.204804 0.343590
