9 0.628906 0.792130 0.701562 0.393519
9 0.022396 0.572685 0.043750 0.208333
9 0.472917 0.390278 0.032292 0.106481
9 0.537760 0.368519 0.008854 0.038889
9 0.405729 0.373611 0.014583 0.050926
10 0.405729 0.356481 0.043750 0.064815
17 0.117188 0.439352 0.150000 0.212037
13 0.234375 0.402778 0.061458 0.114815
4 0.224740 0.402778 0.083854 0.092593
2 0.304167 0.413889 0.036458 0.075926
13 0.375260 0.362037 0.016146 0.033333
2 0.441667 0.371296 0.009375 0.046296
13 0.504687 0.373611 0.025000 0.065741
13 0.484375 0.370370 0.016667 0.061111
13 0.519531 0.363889 0.013021 0.038889
4 0.559635 0.367593 0.022396 0.031481
8 0.530208 0.358333 0.010417 0.018519
3 0.653125 0.337963 0.032292 0.022222
13 0.941667 0.428241 0.057292 0.115741
