1 0.067547 0.822552 0.128999 0.220126
1 0.227273 0.734951 0.097004 0.188679
9 0.122143 0.681042 0.053327 0.068284
9 0.138141 0.569182 0.045708 0.060198
4 0.205434 0.577718 0.099035 0.100629
13 0.322499 0.601078 0.047740 0.141959
13 0.326054 0.512129 0.036567 0.032345
13 0.457339 0.502695 0.031996 0.096137
13 0.527171 0.432165 0.025394 0.064690
13 0.496191 0.446092 0.031488 0.078167
13 0.497969 0.376909 0.022854 0.049416
1 0.471813 0.475292 0.038598 0.093441
19 0.423819 0.409254 0.054342 0.088949
17 0.457847 0.376011 0.025901 0.054807
2 0.053580 0.684636 0.067547 0.053908
9 0.608685 0.442049 0.019807 0.071878
1 0.596750 0.349057 0.007110 0.060198
4 0.557897 0.295148 0.046216 0.033243
13 0.607669 0.314016 0.016760 0.042228
13 0.635602 0.309524 0.016760 0.049416
3 0.622651 0.274483 0.040630 0.078167
3 0.608685 0.237197 0.033012 0.039533
18 0.719655 0.480234 0.081260 0.221923
18 0.774759 0.206199 0.020823 0.040431
4 0.726003 0.217880 0.012697 0.017071
4 0.725495 0.202606 0.010665 0.011680
4 0.724733 0.185984 0.009142 0.016173
1 0.740731 0.201707 0.009650 0.020665
10 0.797867 0.247080 0.016252 0.028751
2 0.764093 0.257862 0.006602 0.019766
2 0.760030 0.242138 0.004571 0.015274
13 0.775775 0.295597 0.015744 0.044924
13 0.782631 0.287511 0.012189 0.041330
13 0.787456 0.383648 0.021838 0.077269
13 0.810056 0.377358 0.020315 0.071878
13 0.828085 0.528751 0.035043 0.114106
13 0.851701 0.615454 0.044693 0.152740
13 0.888268 0.559299 0.033520 0.110512
13 0.916963 0.546271 0.031996 0.127583
13 0.941849 0.851303 0.067547 0.256065
13 0.979431 0.641509 0.041138 0.159928
4 0.970036 0.515274 0.059929 0.074573
19 0.955561 0.476190 0.088878 0.098832
10 0.878619 0.411051 0.048756 0.117700
0 0.909599 0.361635 0.037583 0.069182
19 0.883443 0.336029 0.019807 0.037736
19 0.835957 0.292004 0.025394 0.044924
19 0.825546 0.275382 0.016760 0.033243
1 0.810818 0.305481 0.019807 0.050314
