4 0.135296 0.577422 0.263315 0.258192
4 0.246775 0.495139 0.270592 0.137559
4 0.149024 0.420058 0.201456 0.093986
9 0.590969 0.477494 0.079061 0.108750
9 0.797387 0.427440 0.023487 0.046093
9 0.675488 0.457148 0.036388 0.083903
9 0.628349 0.393950 0.017532 0.036010
2 0.963778 0.460389 0.039365 0.078142
2 0.869997 0.444364 0.022494 0.043212
13 0.910023 0.405834 0.031095 0.048974
13 0.846014 0.402413 0.028779 0.047893
13 0.832947 0.394130 0.017863 0.037090
13 0.804499 0.393230 0.019186 0.038171
13 0.769931 0.408894 0.066490 0.061577
13 0.738009 0.399172 0.032418 0.057976
13 0.098412 0.374685 0.049950 0.037811
4 0.046642 0.382607 0.080715 0.037811
4 0.426563 0.379186 0.053920 0.040331
9 0.308468 0.393770 0.057228 0.045013
9 0.411016 0.383147 0.020840 0.037450
17 0.489911 0.429600 0.113133 0.104429
13 0.524810 0.373425 0.019517 0.014404
13 0.646212 0.407274 0.055243 0.067699
