1 0.220633 0.930066 0.063286 0.125574
1 0.204811 0.777182 0.036844 0.071975
1 0.178370 0.716182 0.018639 0.045942
1 0.177287 0.670240 0.017339 0.029607
1 0.064803 0.680704 0.015171 0.031138
13 0.308192 0.920112 0.052016 0.111792
13 0.286736 0.853497 0.039445 0.081674
13 0.193975 0.725370 0.022974 0.035733
9 0.120503 0.753701 0.015605 0.045431
9 0.565453 0.912711 0.074122 0.038795
9 0.543130 0.898673 0.071955 0.035222
9 0.514304 0.890250 0.063719 0.040837
9 0.501300 0.874426 0.067187 0.045942
9 0.443866 0.831547 0.060685 0.045942
8 0.328565 0.839714 0.060685 0.076570
4 0.369744 0.800153 0.127438 0.045431
4 0.333984 0.787392 0.100997 0.044410
19 0.319463 0.766973 0.128305 0.064829
10 0.246641 0.722818 0.046814 0.072486
0 0.287603 0.699847 0.033377 0.044921
1 0.192241 0.694997 0.019506 0.023992
13 0.198093 0.674834 0.015605 0.024502
19 0.150412 0.645738 0.018205 0.023481
4 0.169484 0.637060 0.013871 0.015314
4 0.158431 0.625064 0.012570 0.011741
19 0.241006 0.659265 0.020806 0.025013
4 0.107282 0.653139 0.016038 0.019908
4 0.016472 0.660286 0.009536 0.020929
3 0.005418 0.673813 0.009970 0.060235
9 0.095579 0.626595 0.006502 0.013783
18 0.171868 0.589587 0.010837 0.017356
13 0.190724 0.651097 0.013004 0.020929
10 0.218466 0.633486 0.014738 0.016335
18 0.207846 0.610005 0.017772 0.019398
11 0.608583 0.961715 0.133507 0.076570
