4 0.160811 0.959937 0.142504 0.080126
4 0.243691 0.901807 0.116279 0.114690
4 0.494557 0.734878 0.063830 0.071485
4 0.343642 0.796151 0.089560 0.102907
4 0.374072 0.745483 0.074221 0.086410
1 0.530678 0.642577 0.036121 0.076984
1 0.453736 0.552632 0.028699 0.051060
1 0.507422 0.547526 0.022266 0.053417
1 0.468085 0.495287 0.021771 0.040063
1 0.433944 0.500000 0.012865 0.038492
1 0.448293 0.470935 0.016823 0.016496
13 0.494557 0.527887 0.009401 0.036135
0 0.559129 0.503928 0.031667 0.044776
2 0.538595 0.542027 0.009401 0.025137
2 0.560366 0.540063 0.009401 0.030636
2 0.572984 0.546347 0.007917 0.022781
18 0.436912 0.430479 0.039584 0.034564
3 0.530678 0.442655 0.067788 0.041634
13 0.609847 0.590338 0.026225 0.065200
1 0.677140 0.575020 0.022266 0.061273
2 0.687036 0.597408 0.022266 0.032207
2 0.700891 0.591516 0.009401 0.029851
9 0.713756 0.586803 0.019297 0.048704
1 0.824097 0.598193 0.040079 0.065200
19 0.813706 0.528280 0.047996 0.046347
9 0.959179 0.620189 0.020287 0.058916
2 0.958684 0.670463 0.015339 0.047918
1 0.984908 0.596229 0.030183 0.059701
10 0.913162 0.835428 0.126175 0.269442
9 0.982929 0.871956 0.022266 0.087981
4 0.989114 0.712097 0.021771 0.073056
