4 0.490104 0.916204 0.023958 0.047222
4 0.395313 0.461574 0.009375 0.017593
4 0.383073 0.398611 0.007812 0.013889
4 0.350781 0.289815 0.005729 0.011111
3 0.467448 0.945370 0.035937 0.103704
3 0.441406 0.858796 0.034896 0.125000
17 0.474740 0.861574 0.014063 0.036111
10 0.452865 0.796296 0.030729 0.040741
3 0.437760 0.712500 0.030729 0.076852
3 0.413542 0.639352 0.018750 0.067593
3 0.446615 0.628241 0.023438 0.063889
3 0.432292 0.581481 0.021875 0.057407
13 0.428125 0.662037 0.006250 0.018519
9 0.429948 0.629167 0.005729 0.021296
17 0.397396 0.596759 0.009375 0.026852
17 0.388281 0.584259 0.007812 0.025926
13 0.495833 0.984722 0.013542 0.026852
9 0.397656 0.529167 0.005729 0.017593
9 0.397396 0.483796 0.004167 0.015741
13 0.380990 0.461111 0.005729 0.016667
3 0.375000 0.426389 0.014583 0.045370
3 0.364323 0.292130 0.008854 0.019444
