9 0.042308 0.839431 0.079327 0.079268
9 0.030288 0.685467 0.037500 0.056911
9 0.191226 0.605691 0.028606 0.045732
9 0.492909 0.532012 0.012740 0.050813
1 0.117788 0.746697 0.065385 0.141768
1 0.177524 0.698171 0.059856 0.140244
1 0.251442 0.646850 0.044231 0.110772
13 0.264904 0.702998 0.036538 0.118394
13 0.296394 0.572663 0.023077 0.078252
9 0.208053 0.553608 0.019952 0.035061
4 0.240264 0.561484 0.045913 0.061992
2 0.168389 0.620427 0.035817 0.041667
13 0.358413 0.498222 0.014904 0.055386
13 0.378486 0.496189 0.014663 0.050305
13 0.378125 0.452744 0.009135 0.026423
19 0.343990 0.466972 0.025962 0.048780
17 0.359736 0.450965 0.011298 0.029980
1 0.390745 0.483994 0.017548 0.048272
1 0.431490 0.422764 0.010577 0.031504
4 0.407813 0.406250 0.022356 0.017785
3 0.439543 0.394309 0.018510 0.046748
3 0.431851 0.374238 0.016106 0.024898
9 0.442909 0.454014 0.006971 0.034045
13 0.616587 0.882876 0.048558 0.212907
13 0.639543 0.755843 0.032933 0.149898
13 0.574639 0.668953 0.029567 0.113313
13 0.607692 0.605183 0.020673 0.087398
13 0.548798 0.566819 0.026923 0.069614
13 0.563221 0.554878 0.013462 0.057927
13 0.522115 0.494665 0.013942 0.048272
13 0.525240 0.469004 0.007692 0.028455
18 0.472356 0.656250 0.068750 0.242378
4 0.793149 0.899390 0.107452 0.201220
11 0.810577 0.734248 0.093269 0.152439
9 0.769832 0.667937 0.032452 0.043191
9 0.723918 0.624746 0.030529 0.040142
9 0.739784 0.633892 0.033894 0.035061
9 0.754447 0.647104 0.033894 0.040142
9 0.716466 0.615600 0.034375 0.042175
9 0.684014 0.583841 0.028606 0.034553
9 0.671514 0.576728 0.031490 0.027439
9 0.670313 0.565295 0.031971 0.024898
4 0.620433 0.584350 0.037019 0.075203
4 0.635457 0.544715 0.071394 0.048780
4 0.614183 0.531504 0.055288 0.041667
19 0.603966 0.513974 0.071394 0.064533
10 0.558293 0.472053 0.023798 0.068089
0 0.574038 0.447917 0.018269 0.044207
19 0.562620 0.433181 0.010817 0.023882
19 0.539423 0.407012 0.011538 0.027439
19 0.534856 0.397612 0.009615 0.022866
1 0.527043 0.415396 0.008413 0.028963
13 0.515024 0.418953 0.008413 0.025915
13 0.512981 0.411331 0.007212 0.026931
10 0.521875 0.381606 0.007212 0.018293
2 0.506971 0.391768 0.002885 0.013211
2 0.500120 0.382622 0.002644 0.012195
18 0.511058 0.358232 0.010096 0.025407
4 0.488462 0.370935 0.006731 0.011179
4 0.487981 0.361026 0.005288 0.008638
4 0.487139 0.348323 0.004567 0.007622
1 0.496514 0.357978 0.004087 0.012703
9 0.491466 0.357724 0.002163 0.010163
19 0.519952 0.365600 0.005769 0.013720
