1 0.160670 0.962944 0.131099 0.064848
1 0.293248 0.962687 0.145885 0.064334
1 0.308773 0.925116 0.139478 0.064334
2 0.136767 0.936181 0.067521 0.036027
2 0.332923 0.882398 0.075407 0.029336
9 0.400936 0.881369 0.068507 0.048893
9 0.428783 0.872105 0.051257 0.044776
9 0.433218 0.810859 0.041400 0.039629
13 0.485461 0.887030 0.063085 0.081832
4 0.496304 0.821925 0.103499 0.064848
9 0.589699 0.871590 0.029078 0.049923
9 0.530803 0.785898 0.028586 0.024704
2 0.537457 0.765054 0.043864 0.024189
1 0.638492 0.865157 0.071464 0.094699
4 0.692459 0.773803 0.067028 0.049923
19 0.734105 0.724138 0.034993 0.050437
13 0.797437 0.724138 0.012814 0.045291
18 0.891079 0.759135 0.075899 0.082347
3 0.880976 0.675244 0.066535 0.071024
1 0.973879 0.679619 0.014786 0.034483
4 0.921143 0.658518 0.011828 0.020072
3 0.965007 0.630726 0.031543 0.032424
