4 0.416106 0.973901 0.031731 0.049451
4 0.722356 0.962225 0.034615 0.075549
9 0.493149 0.914492 0.011779 0.055632
13 0.469712 0.856456 0.012500 0.048077
13 0.476082 0.843063 0.010817 0.051511
13 0.478005 0.811470 0.009375 0.036401
13 0.501322 0.835165 0.010337 0.038462
13 0.448558 0.801854 0.008173 0.036401
1 0.466466 0.812157 0.009375 0.032280
1 0.490865 0.855082 0.012981 0.059066
18 0.537019 0.853022 0.031731 0.118132
18 0.525481 0.782967 0.028365 0.060440
1 0.439303 0.782624 0.007933 0.030907
13 0.449639 0.773352 0.007452 0.019231
9 0.459014 0.773352 0.004087 0.024725
1 0.467788 0.786401 0.009135 0.020604
1 0.471755 0.775755 0.009856 0.029533
3 0.432572 0.718407 0.013702 0.050824
3 0.472837 0.731456 0.029808 0.035714
10 0.496514 0.748970 0.019952 0.036401
9 0.561779 0.847527 0.011058 0.041209
1 0.627284 0.879808 0.032933 0.067308
1 0.620673 0.790179 0.011538 0.036401
1 0.653365 0.952953 0.026923 0.094093
1 0.702524 0.930632 0.019471 0.087912
13 0.688341 0.923077 0.010337 0.082418
1 0.733774 0.904876 0.020433 0.070742
12 0.730529 0.837225 0.039423 0.079670
13 0.744712 0.878434 0.014904 0.046703
19 0.760216 0.821772 0.022356 0.052885
9 0.769111 0.937843 0.014663 0.037775
