9 0.511979 0.806019 0.718750 0.387963
13 0.034896 0.506481 0.041667 0.118519
13 0.103906 0.505556 0.083854 0.135185
13 0.146094 0.473148 0.049479 0.101852
13 0.202344 0.464352 0.070312 0.112037
13 0.233854 0.442593 0.037500 0.074074
13 0.271094 0.436574 0.022396 0.082407
17 0.312760 0.432407 0.057812 0.098148
13 0.375000 0.424537 0.077083 0.095370
17 0.449740 0.416204 0.067187 0.132407
17 0.411979 0.407407 0.015625 0.090741
10 0.489063 0.381481 0.023958 0.051852
17 0.536458 0.372685 0.016667 0.036111
13 0.507031 0.378241 0.013021 0.043519
13 0.625260 0.362963 0.045312 0.064815
10 0.766146 0.331481 0.126042 0.125926
13 0.865885 0.339815 0.055729 0.074074
