4 0.248438 0.974339 0.067548 0.051321
4 0.263101 0.909299 0.060337 0.098069
4 0.282692 0.862805 0.048558 0.081301
4 0.314303 0.787348 0.036298 0.075711
4 0.318149 0.744411 0.029567 0.037602
13 0.357572 0.706047 0.012740 0.058435
13 0.381851 0.688516 0.014663 0.054878
13 0.403846 0.652693 0.011538 0.039126
13 0.411538 0.632622 0.009615 0.030488
13 0.394712 0.625254 0.009135 0.029980
13 0.349279 0.620173 0.008654 0.028963
13 0.344832 0.601626 0.006971 0.025407
13 0.332452 0.617632 0.018750 0.024898
1 0.362740 0.652693 0.017788 0.041159
1 0.432933 0.673018 0.016827 0.047256
1 0.379447 0.631606 0.010817 0.033537
1 0.366226 0.618140 0.010817 0.023882
19 0.388702 0.604929 0.016346 0.028963
2 0.398438 0.695630 0.007452 0.032520
18 0.575000 0.785061 0.057692 0.126016
2 0.534495 0.666921 0.018510 0.021850
13 0.600240 0.660315 0.016346 0.040142
13 0.613942 0.781250 0.015865 0.080793
1 0.610337 0.712398 0.015385 0.053862
1 0.614303 0.667683 0.007452 0.031504
1 0.639303 0.790396 0.030529 0.082825
9 0.658774 0.771596 0.014663 0.041159
9 0.660337 0.726372 0.015385 0.027947
4 0.696274 0.833587 0.043990 0.081809
4 0.854207 0.911331 0.089663 0.089939
4 0.803966 0.853913 0.097356 0.075711
19 0.773678 0.800305 0.083413 0.071138
13 0.731490 0.863059 0.035577 0.090955
13 0.797115 0.933689 0.042308 0.132622
19 0.887620 0.960620 0.085817 0.076728
