10 0.459115 0.967593 0.032813 0.040741
3 0.471875 0.887037 0.025000 0.077778
3 0.451562 0.831019 0.018750 0.073148
3 0.479427 0.797685 0.022396 0.060185
3 0.461979 0.738426 0.022917 0.054630
15 0.485677 0.843519 0.014063 0.029630
17 0.427604 0.774537 0.009375 0.026852
17 0.433854 0.732870 0.008333 0.023148
9 0.447396 0.781019 0.007292 0.021296
9 0.444792 0.740741 0.005208 0.020370
9 0.430208 0.664352 0.004167 0.013889
4 0.433594 0.632407 0.008854 0.016667
3 0.416667 0.605556 0.014583 0.042593
13 0.421094 0.635648 0.006771 0.019444
4 0.416927 0.551389 0.007812 0.013889
4 0.394792 0.479167 0.006250 0.010185
3 0.408594 0.471296 0.006771 0.016667
10 0.406510 0.490741 0.008854 0.016667
