1 0.054808 0.933943 0.080288 0.130081
1 0.143750 0.901677 0.079327 0.118394
2 0.059135 0.851626 0.039904 0.037602
2 0.156370 0.801575 0.031490 0.037093
9 0.189543 0.802337 0.030529 0.044715
9 0.200721 0.794207 0.026923 0.041667
9 0.207452 0.780996 0.034135 0.049797
9 0.205769 0.736789 0.014904 0.033537
9 0.255048 0.705285 0.014423 0.023374
4 0.237139 0.742124 0.050721 0.059451
2 0.260216 0.687500 0.020913 0.025407
13 0.374038 0.684197 0.015865 0.051321
8 0.403846 0.662602 0.039423 0.050813
17 0.383053 0.626778 0.013702 0.029980
3 0.428245 0.597815 0.029087 0.061484
9 0.458774 0.601626 0.005048 0.027439
13 0.476803 0.576982 0.007452 0.023882
2 0.488702 0.556148 0.003365 0.017785
3 0.473678 0.549797 0.012260 0.026423
4 0.470553 0.727134 0.032452 0.059959
1 0.536779 0.812500 0.030288 0.120935
13 0.594712 0.826728 0.027404 0.107724
13 0.584255 0.761941 0.024760 0.080793
13 0.569952 0.747205 0.014904 0.072663
13 0.567188 0.710366 0.016106 0.035569
13 0.540986 0.687500 0.015144 0.064024
13 0.538221 0.654472 0.012981 0.045732
2 0.527885 0.723323 0.009135 0.042175
11 0.764183 0.908028 0.089423 0.167683
9 0.735096 0.818852 0.033173 0.041159
9 0.727764 0.806402 0.043029 0.033537
9 0.708534 0.791921 0.029087 0.042175
9 0.691106 0.784045 0.011058 0.037602
9 0.669591 0.736280 0.021875 0.017276
4 0.611298 0.751016 0.032212 0.076220
4 0.588101 0.708333 0.023317 0.033537
4 0.636058 0.710620 0.068750 0.050305
4 0.596034 0.691565 0.046875 0.025407
19 0.611899 0.668953 0.068029 0.039126
0 0.597236 0.613313 0.017067 0.042683
10 0.573317 0.637957 0.023077 0.067581
19 0.574399 0.574187 0.011298 0.027439
1 0.544712 0.571646 0.008654 0.026423
3 0.526082 0.549797 0.012260 0.039634
13 0.555889 0.545986 0.005048 0.015752
10 0.535096 0.544970 0.004808 0.016768
9 0.540986 0.512703 0.002163 0.008130
13 0.553365 0.564533 0.006250 0.021341
