4 0.192788 0.975356 0.080769 0.049289
4 0.227163 0.924543 0.069712 0.102134
4 0.263341 0.868902 0.052644 0.084350
4 0.310817 0.798018 0.039423 0.065549
4 0.322837 0.765752 0.033173 0.056911
13 0.334014 0.911585 0.034375 0.108740
13 0.375240 0.707317 0.013942 0.054878
13 0.398317 0.676067 0.012500 0.041159
13 0.358654 0.634909 0.008173 0.032012
1 0.370313 0.646850 0.014663 0.032520
1 0.382933 0.635671 0.009615 0.031504
1 0.403606 0.620681 0.009615 0.026931
1 0.382212 0.600864 0.009135 0.023882
9 0.433894 0.668953 0.006731 0.018801
13 0.395793 0.606453 0.007452 0.025915
4 0.471034 0.642530 0.018029 0.025915
1 0.482091 0.658791 0.017067 0.036077
1 0.532091 0.664126 0.020913 0.042683
13 0.556010 0.710112 0.009615 0.052337
13 0.597476 0.713161 0.015144 0.057419
10 0.591346 0.835112 0.064904 0.188516
4 0.632452 0.746189 0.035096 0.064533
1 0.643510 0.702236 0.020192 0.044715
18 0.610938 0.620681 0.033413 0.044207
2 0.627284 0.677591 0.006971 0.025915
13 0.700240 0.916413 0.040865 0.133638
13 0.766947 0.930894 0.033894 0.116870
1 0.696995 0.842734 0.042548 0.092988
4 0.836178 0.909553 0.104567 0.089431
4 0.795433 0.845528 0.098558 0.063008
19 0.770313 0.806657 0.093990 0.090955
9 0.667548 0.770833 0.012981 0.044715
9 0.673077 0.726118 0.007692 0.025407
3 0.664663 0.617632 0.040385 0.088923
