10 0.453646 0.973148 0.025000 0.040741
3 0.474219 0.907870 0.024479 0.082407
3 0.454167 0.850000 0.019792 0.072222
3 0.477604 0.806944 0.021875 0.058333
3 0.458073 0.740741 0.021354 0.051852
3 0.419271 0.620370 0.014583 0.042593
3 0.410938 0.485648 0.006250 0.017593
15 0.485937 0.849537 0.015625 0.028704
9 0.441406 0.775000 0.006771 0.018519
9 0.439844 0.733333 0.004687 0.014815
17 0.430729 0.793519 0.009375 0.022222
17 0.433594 0.724537 0.008854 0.023148
13 0.420312 0.647222 0.008333 0.020370
13 0.430729 0.632870 0.005208 0.012037
4 0.435677 0.644444 0.007812 0.016667
4 0.416927 0.553241 0.007812 0.015741
10 0.409896 0.505093 0.008333 0.017593
4 0.398177 0.497685 0.006771 0.012037
