11 0.800721 0.913618 0.089904 0.165650
13 0.623918 0.827998 0.028125 0.108232
13 0.560817 0.721545 0.018269 0.070122
13 0.615745 0.760925 0.018990 0.075711
13 0.566707 0.620173 0.009856 0.038110
13 0.561538 0.577490 0.006731 0.025915
1 0.590024 0.779472 0.030529 0.107724
1 0.534736 0.711890 0.022356 0.079268
1 0.557452 0.664888 0.015865 0.041159
1 0.555649 0.621697 0.011298 0.041159
4 0.637260 0.751778 0.032212 0.076728
9 0.766106 0.829776 0.041346 0.033537
9 0.755288 0.804624 0.040865 0.042175
9 0.743389 0.800051 0.043029 0.045224
9 0.731611 0.787602 0.038702 0.044715
9 0.694471 0.740091 0.023077 0.028963
4 0.659135 0.718496 0.071635 0.056911
4 0.639063 0.701474 0.056490 0.043191
4 0.539303 0.583333 0.013221 0.023374
4 0.536779 0.563008 0.009615 0.014228
10 0.590986 0.635671 0.025721 0.066057
19 0.631490 0.677337 0.071154 0.053862
0 0.614303 0.615346 0.018029 0.046748
19 0.525601 0.611535 0.018029 0.042175
19 0.587620 0.573425 0.012260 0.028963
13 0.558293 0.541159 0.005048 0.013211
19 0.544952 0.526677 0.006250 0.013720
18 0.549159 0.506352 0.006971 0.021850
10 0.575721 0.546748 0.007212 0.016260
13 0.569471 0.543699 0.005769 0.017276
13 0.553966 0.537348 0.004567 0.014736
18 0.569832 0.524390 0.010817 0.018293
9 0.035216 0.839431 0.025240 0.057927
1 0.100120 0.901169 0.061779 0.140752
1 0.163462 0.895833 0.066346 0.138211
1 0.170192 0.829268 0.072596 0.066057
13 0.256010 0.788872 0.031250 0.080793
9 0.215144 0.781504 0.031250 0.047764
2 0.181731 0.778963 0.035577 0.034553
9 0.231250 0.717480 0.019231 0.035569
4 0.258654 0.726372 0.046154 0.060467
1 0.340865 0.738313 0.026923 0.084350
4 0.353846 0.680894 0.032692 0.046748
19 0.374279 0.631352 0.016827 0.045224
13 0.406731 0.636941 0.006250 0.046240
3 0.445433 0.588161 0.031250 0.067581
4 0.464303 0.573171 0.006010 0.020325
4 0.522716 0.547764 0.006971 0.013211
