9 0.625000 0.761574 0.708333 0.476852
1 0.073177 0.373611 0.084896 0.160185
13 0.015885 0.390278 0.023438 0.128704
13 0.229427 0.337500 0.055729 0.106481
13 0.324219 0.325926 0.046354 0.109259
1 0.357292 0.304167 0.044792 0.075000
3 0.461979 0.269907 0.062500 0.086111
4 0.510156 0.294907 0.025521 0.039815
4 0.595833 0.304167 0.087500 0.067593
4 0.529427 0.284722 0.019271 0.021296
18 0.621354 0.262963 0.084375 0.055556
1 0.699219 0.303704 0.046354 0.064815
13 0.733594 0.322685 0.059896 0.086111
3 0.751042 0.271759 0.152083 0.086111
3 0.941406 0.288889 0.117188 0.087037
