4 0.368132 0.969258 0.158425 0.061484
4 0.438187 0.905996 0.134615 0.092480
4 0.508929 0.856707 0.090201 0.071138
4 0.594322 0.789634 0.072344 0.063008
4 0.617216 0.746443 0.059524 0.047764
13 0.674451 0.923272 0.068681 0.116870
13 0.671932 0.779472 0.041667 0.076220
13 0.730082 0.760417 0.038004 0.075711
2 0.765568 0.887703 0.025641 0.071138
2 0.784341 0.791413 0.016484 0.041159
1 0.691163 0.631352 0.022436 0.032012
1 0.729625 0.624492 0.018773 0.031504
1 0.805174 0.639228 0.024267 0.037602
1 0.841804 0.643547 0.041667 0.036077
1 0.869734 0.623476 0.023352 0.031504
1 0.788004 0.617124 0.021978 0.032012
2 0.776099 0.649390 0.012821 0.020325
13 0.745879 0.636941 0.019231 0.026931
1 0.676282 0.600102 0.015568 0.023374
1 0.664377 0.596291 0.015568 0.022866
1 0.692995 0.586636 0.015110 0.021850
13 0.679258 0.623984 0.010531 0.031504
3 0.744963 0.559705 0.060440 0.026931
