13 0.769614 0.713873 0.088407 0.439306
13 0.076405 0.152457 0.057963 0.212428
13 0.108607 0.095376 0.046253 0.179191
13 0.675059 0.257225 0.058548 0.251445
13 0.765515 0.247110 0.055621 0.231214
2 0.799766 0.504335 0.049180 0.161850
9 0.838115 0.390173 0.033372 0.202312
13 0.829333 0.239162 0.042740 0.215318
1 0.029859 0.401734 0.048009 0.407514
13 0.719848 0.129335 0.041569 0.163295
4 0.861534 0.205202 0.091920 0.205202
4 0.902518 0.088873 0.185597 0.128613
4 0.849532 0.065751 0.128806 0.119942
13 0.756733 0.068642 0.048595 0.122832
9 0.973068 0.161127 0.053864 0.096821
