18 0.771354 0.574537 0.153125 0.419444
18 0.954427 0.349074 0.083854 0.205556
10 0.946094 0.142130 0.039062 0.089815
18 0.889844 0.016204 0.015104 0.030556
4 0.985156 0.151852 0.018229 0.055556
10 0.322135 0.762500 0.222396 0.334259
8 0.174479 0.898611 0.065625 0.202778
18 0.165365 0.701852 0.068229 0.277778
3 0.428125 0.603241 0.247917 0.347222
9 0.032552 0.402778 0.023438 0.085185
18 0.580990 0.488889 0.063021 0.248148
18 0.624219 0.421296 0.040104 0.218519
18 0.654167 0.369444 0.031250 0.201852
10 0.219271 0.438426 0.141667 0.162037
10 0.508333 0.250926 0.087500 0.077778
10 0.739323 0.192130 0.026562 0.154630
