13 0.043916 0.696339 0.050015 0.215363
13 0.652790 0.707107 0.053980 0.208184
13 0.533852 0.603015 0.043611 0.157933
4 0.119701 0.575018 0.063129 0.122039
4 0.015554 0.554917 0.027447 0.119167
4 0.058707 0.464106 0.050930 0.095477
4 0.075938 0.405240 0.042696 0.055276
4 0.698994 0.604092 0.134187 0.102656
4 0.659957 0.526202 0.112839 0.100503
19 0.630375 0.462670 0.112839 0.117014
3 0.447392 0.414932 0.106740 0.361809
1 0.190302 0.461953 0.033547 0.117014
1 0.261208 0.328069 0.021653 0.078966
13 0.169411 0.383345 0.020433 0.087581
13 0.158280 0.351041 0.015858 0.080402
1 0.123971 0.237976 0.016773 0.046662
1 0.153248 0.177315 0.013724 0.031587
1 0.131747 0.186648 0.011589 0.035894
13 0.157518 0.232592 0.017993 0.040201
13 0.171394 0.226849 0.014029 0.041637
2 0.190454 0.298636 0.007014 0.031587
2 0.182525 0.316224 0.007014 0.033740
1 0.120921 0.192032 0.012504 0.030869
3 0.169106 0.138909 0.041171 0.039483
10 0.366880 0.366834 0.050015 0.167983
1 0.763190 0.863604 0.124123 0.248385
9 0.761665 0.675879 0.066179 0.098349
9 0.519823 0.357502 0.015554 0.038765
9 0.496950 0.249462 0.008234 0.036612
1 0.500457 0.235822 0.030497 0.040919
9 0.510674 0.417803 0.008844 0.070352
