4 0.317668 0.962144 0.065625 0.071646
4 0.351202 0.919970 0.050481 0.083841
4 0.395793 0.847307 0.037260 0.067581
4 0.407212 0.810976 0.031250 0.051829
13 0.470192 0.870935 0.023558 0.075203
13 0.534495 0.767785 0.016587 0.054878
13 0.491947 0.719766 0.013702 0.041159
13 0.532212 0.713669 0.012500 0.041159
13 0.514543 0.691819 0.011298 0.035061
13 0.504688 0.688262 0.009375 0.036077
13 0.475240 0.682927 0.010096 0.032520
13 0.440625 0.680894 0.010096 0.031504
1 0.463582 0.681657 0.009856 0.030996
1 0.488341 0.664634 0.010337 0.030488
1 0.505529 0.658028 0.012500 0.019309
1 0.543029 0.696392 0.023077 0.040142
1 0.435938 0.657520 0.007933 0.023374
1 0.453245 0.647866 0.009375 0.022358
18 0.475361 0.637703 0.024279 0.040650
3 0.509014 0.615600 0.031490 0.039126
3 0.470793 0.615346 0.030529 0.020325
11 0.698918 0.910315 0.056490 0.174289
1 0.725000 0.882622 0.036058 0.109756
1 0.703486 0.804878 0.036298 0.045732
1 0.730529 0.735010 0.021635 0.048272
1 0.718029 0.698933 0.032212 0.045224
13 0.631370 0.729421 0.014663 0.056402
10 0.686418 0.716209 0.029087 0.046240
1 0.801202 0.956047 0.063462 0.087907
13 0.778966 0.908028 0.031971 0.099593
13 0.864063 0.953252 0.039663 0.092480
4 0.935938 0.939024 0.113702 0.086382
4 0.891106 0.872459 0.102885 0.058943
19 0.865625 0.838923 0.098077 0.096545
14 0.747837 0.814024 0.016827 0.045732
9 0.763702 0.759146 0.012019 0.026423
4 0.718990 0.781758 0.036538 0.061484
1 0.756250 0.704014 0.018750 0.047256
18 0.744471 0.663110 0.025000 0.059959
9 0.760337 0.809197 0.006731 0.039126
