4 0.117805 0.735500 0.190094 0.214149
18 0.571174 0.783620 0.400714 0.416189
1 0.905399 0.747929 0.182954 0.217336
17 0.933066 0.614723 0.133869 0.111536
13 0.713075 0.667304 0.104418 0.223072
13 0.434181 0.435946 0.066934 0.151689
13 0.336011 0.357234 0.066042 0.130656
13 0.208389 0.326641 0.040161 0.130656
13 0.030120 0.132569 0.025435 0.070108
19 0.585676 0.533779 0.170013 0.226259
9 0.728469 0.519439 0.037037 0.068834
4 0.525658 0.400892 0.132084 0.098152
4 0.447791 0.335883 0.157519 0.084130
4 0.278670 0.306565 0.080768 0.098152
19 0.401830 0.284576 0.142347 0.092416
1 0.215306 0.276928 0.046854 0.110261
1 0.124052 0.148821 0.023204 0.077119
1 0.091700 0.124920 0.037929 0.075207
2 0.090808 0.170491 0.014726 0.038878
2 0.065596 0.120778 0.016957 0.036329
13 0.215752 0.077438 0.028112 0.041428
9 0.218876 0.170809 0.029005 0.036966
9 0.213967 0.212237 0.033467 0.024219
