3 0.454687 0.949074 0.033333 0.098148
3 0.448958 0.801852 0.025000 0.075926
3 0.457292 0.717130 0.026042 0.062037
3 0.427604 0.738426 0.019792 0.069444
3 0.441927 0.668056 0.020313 0.056481
3 0.391667 0.522685 0.014583 0.045370
3 0.382552 0.387963 0.007812 0.024074
4 0.369792 0.391667 0.005208 0.011111
4 0.395833 0.481944 0.008333 0.013889
4 0.410677 0.552315 0.008854 0.017593
13 0.397396 0.552778 0.007292 0.018519
17 0.403906 0.684259 0.009896 0.024074
17 0.414323 0.669444 0.008854 0.025926
9 0.427083 0.684722 0.005208 0.021296
9 0.409115 0.600926 0.005729 0.016667
9 0.419010 0.567593 0.005729 0.016667
13 0.442708 0.749074 0.009375 0.022222
15 0.463802 0.770833 0.015104 0.032407
10 0.447396 0.882407 0.033333 0.038889
17 0.480469 0.941667 0.015104 0.038889
4 0.493750 0.982407 0.019792 0.031481
