17 0.415365 0.439815 0.036979 0.064815
17 0.507292 0.415741 0.053125 0.053704
17 0.598958 0.401389 0.051042 0.052778
13 0.169531 0.473148 0.031771 0.051852
17 0.089844 0.474074 0.033854 0.031481
17 0.673698 0.390741 0.046354 0.055556
13 0.850000 0.595833 0.292708 0.808333
17 0.446875 0.427778 0.028125 0.051852
9 0.369010 0.456944 0.043229 0.030556
9 0.252083 0.459259 0.017708 0.025926
17 0.208854 0.453704 0.020833 0.029630
13 0.041667 0.484722 0.038542 0.054630
13 0.127604 0.469444 0.019792 0.042593
