17 0.719010 0.339815 0.038021 0.087037
17 0.584375 0.293519 0.033333 0.074074
17 0.556771 0.248611 0.028125 0.065741
17 0.393229 0.330556 0.048958 0.079630
13 0.375260 0.379630 0.035937 0.094444
3 0.136719 0.557407 0.204687 0.381481
3 0.094271 0.440278 0.187500 0.310185
3 0.486458 0.260185 0.103125 0.131481
3 0.446615 0.223148 0.076563 0.120370
3 0.577344 0.171759 0.033854 0.082407
3 0.563802 0.107870 0.021354 0.049074
3 0.496875 0.175926 0.083333 0.064815
4 0.623958 0.252778 0.030208 0.050000
4 0.623177 0.207407 0.027604 0.038889
16 0.745573 0.258333 0.033854 0.064815
6 0.806510 0.194444 0.028646 0.057407
3 0.700260 0.186111 0.041146 0.092593
13 0.979167 0.360185 0.036458 0.092593
13 0.910937 0.563426 0.059375 0.162037
13 0.867448 0.460185 0.040104 0.122222
13 0.973177 0.577315 0.053646 0.167593
20 0.968229 0.493519 0.063542 0.116667
13 0.783594 0.273148 0.025521 0.072222
13 0.828906 0.274537 0.027604 0.069444
