17 0.315885 0.654167 0.238021 0.560185
4 0.530208 0.561574 0.213542 0.358333
4 0.670312 0.537037 0.307292 0.316667
10 0.841406 0.762500 0.317188 0.447222
4 0.159635 0.431019 0.135937 0.200926
13 0.589063 0.351389 0.071875 0.087963
13 0.819792 0.450000 0.142708 0.214815
17 0.464583 0.356481 0.095833 0.107407
17 0.366406 0.341667 0.069271 0.107407
13 0.429948 0.331944 0.034896 0.076852
13 0.258854 0.305556 0.025000 0.048148
13 0.298958 0.301852 0.031250 0.048148
4 0.225260 0.357407 0.077604 0.094444
17 0.371094 0.346759 0.048438 0.097222
13 0.216406 0.298611 0.020313 0.047222
13 0.283073 0.303241 0.019271 0.043519
4 0.170573 0.322222 0.051562 0.055556
17 0.177083 0.293519 0.034375 0.035185
10 0.414062 0.333333 0.050000 0.092593
4 0.127604 0.293981 0.031250 0.028704
4 0.115625 0.346296 0.062500 0.083333
3 0.146354 0.262037 0.028125 0.050000
10 0.112240 0.252778 0.043229 0.075926
3 0.078125 0.256944 0.031250 0.049074
