19 0.391406 0.762037 0.507812 0.475926
17 0.719010 0.455093 0.184896 0.397222
10 0.834896 0.225463 0.103125 0.125000
13 0.913281 0.441667 0.140104 0.357407
13 0.545312 0.242130 0.046875 0.082407
13 0.461458 0.231944 0.038542 0.076852
13 0.954167 0.270370 0.043750 0.120370
4 0.630990 0.231944 0.079687 0.054630
4 0.727604 0.224537 0.056250 0.050926
13 0.107031 0.238426 0.030729 0.075000
13 0.164323 0.245370 0.030729 0.088889
13 0.611198 0.204167 0.019271 0.030556
18 0.986719 0.189352 0.025521 0.056481
4 0.622135 0.313889 0.072396 0.162963
17 0.188021 0.307407 0.052083 0.150000
