9 0.916667 0.569907 0.028125 0.097222
9 0.878646 0.581481 0.033333 0.107407
9 0.825000 0.591667 0.023958 0.105556
17 0.940104 0.556944 0.021875 0.073148
13 0.807552 0.574074 0.013021 0.046296
8 0.680990 0.607870 0.049479 0.062037
13 0.626823 0.622685 0.031771 0.076852
2 0.563021 0.693519 0.032292 0.079630
13 0.530990 0.643056 0.029687 0.078704
13 0.784635 0.578704 0.019271 0.046296
8 0.842448 0.560648 0.021354 0.025000
13 0.436458 0.674537 0.040625 0.104630
13 0.330208 0.722222 0.088542 0.181481
2 0.595052 0.655556 0.020313 0.046296
