13 0.941406 0.501389 0.091146 0.263889
4 0.726302 0.453704 0.104688 0.057407
4 0.526302 0.498148 0.058854 0.090741
4 0.489323 0.476852 0.036979 0.064815
13 0.570312 0.457407 0.042708 0.068519
14 0.601562 0.460648 0.019792 0.039815
17 0.660677 0.440741 0.026562 0.053704
17 0.788802 0.431019 0.045312 0.049074
17 0.848958 0.429630 0.053125 0.059259
17 0.451302 0.462500 0.031771 0.050926
17 0.370312 0.461111 0.035417 0.040741
17 0.337500 0.457407 0.028125 0.027778
4 0.217188 0.672685 0.433333 0.378704
