15 0.502865 0.885648 0.125521 0.202778
3 0.153125 0.706944 0.302083 0.317593
3 0.465885 0.496759 0.141146 0.150926
13 0.902604 0.664352 0.053125 0.134259
13 0.907292 0.524074 0.034375 0.079630
17 0.588802 0.531019 0.034896 0.080556
8 0.568229 0.402315 0.027083 0.049074
9 0.604688 0.444444 0.013542 0.044444
6 0.796094 0.400463 0.029687 0.058333
6 0.877604 0.445370 0.029167 0.070370
13 0.976302 0.539815 0.030729 0.074074
13 0.983594 0.578241 0.032813 0.082407
13 0.794010 0.482407 0.024479 0.068519
13 0.745313 0.429167 0.018750 0.050926
3 0.358073 0.507407 0.163021 0.153704
3 0.443490 0.420370 0.078646 0.057407
3 0.459635 0.398611 0.077604 0.063889
