9 0.107031 0.760648 0.211979 0.478704
9 0.576302 0.537963 0.048438 0.079630
9 0.728906 0.490741 0.043229 0.075926
17 0.906510 0.384259 0.056771 0.062963
17 0.792188 0.435185 0.048958 0.081481
17 0.827604 0.399074 0.043750 0.055556
17 0.673177 0.446759 0.050521 0.058333
9 0.603125 0.481019 0.034375 0.034259
17 0.483333 0.481019 0.033333 0.039815
17 0.451042 0.489815 0.026042 0.029630
13 0.432292 0.493519 0.015625 0.038889
17 0.409896 0.499074 0.017708 0.037037
13 0.553385 0.476389 0.018229 0.052778
