4 0.568783 0.656746 0.389771 0.138889
17 0.403219 0.550265 0.069224 0.068122
15 0.786817 0.573247 0.235891 0.083003
4 0.336640 0.534061 0.065697 0.038360
9 0.290785 0.580357 0.056878 0.052910
17 0.195326 0.531911 0.056437 0.051257
4 0.237434 0.528439 0.031305 0.033730
2 0.125000 0.528770 0.018959 0.022487
13 0.115079 0.512070 0.016755 0.021495
4 0.162478 0.515212 0.024250 0.017196
9 0.142416 0.519511 0.015873 0.011905
3 0.335097 0.505126 0.035273 0.014881
15 0.277337 0.509755 0.014109 0.010913
10 0.160714 0.503142 0.019841 0.010251
