13 0.195312 0.858333 0.209375 0.283333
13 0.358854 0.235648 0.082292 0.163889
3 0.870052 0.189352 0.130729 0.176852
3 0.599740 0.325926 0.276562 0.281481
13 0.517188 0.690741 0.141667 0.274074
13 0.370052 0.683333 0.161979 0.338889
3 0.872656 0.067593 0.068229 0.070370
3 0.408854 0.170370 0.190625 0.203704
13 0.081510 0.314815 0.094271 0.168519
20 0.255990 0.221759 0.077604 0.150926
13 0.632292 0.513426 0.103125 0.221296
17 0.883333 0.425000 0.142708 0.094444
13 0.722135 0.461111 0.078646 0.192593
13 0.778646 0.421296 0.035417 0.185185
13 0.902344 0.611574 0.078646 0.262037
13 0.818750 0.720370 0.097917 0.200000
13 0.583073 0.893981 0.124479 0.212037
13 0.426042 0.910185 0.203125 0.175926
13 0.672656 0.717593 0.188021 0.175926
13 0.475260 0.520370 0.091146 0.179630
13 0.348177 0.600000 0.147396 0.292593
13 0.128906 0.247685 0.066146 0.143519
13 0.819010 0.085648 0.022396 0.045370
13 0.985417 0.236111 0.029167 0.055556
13 0.958073 0.221296 0.029687 0.057407
3 0.940625 0.134259 0.118750 0.131481
13 0.539062 0.518056 0.120833 0.117593
13 0.796354 0.382870 0.055208 0.163889
13 0.967708 0.480093 0.050000 0.099074
