4 0.868229 0.438889 0.254167 0.185185
17 0.788021 0.366204 0.041667 0.056481
17 0.739062 0.369907 0.048958 0.065741
17 0.619531 0.375000 0.048438 0.053704
10 0.520833 0.403241 0.057292 0.087963
4 0.450000 0.431944 0.078125 0.091667
15 0.375000 0.402315 0.076042 0.060185
10 0.289323 0.396296 0.077604 0.057407
13 0.230729 0.385648 0.017708 0.036111
4 0.109635 0.495370 0.218229 0.162963
13 0.958594 0.341204 0.030729 0.039815
13 0.975781 0.338889 0.022396 0.044444
2 0.674479 0.587963 0.094792 0.253704
