17 0.671615 0.680556 0.288021 0.550000
17 0.570833 0.363889 0.061458 0.087037
4 0.371615 0.559722 0.359896 0.308333
4 0.082812 0.548611 0.164583 0.282407
4 0.201042 0.440278 0.251042 0.141667
4 0.923698 0.456019 0.140104 0.156481
10 0.616146 0.342593 0.088542 0.100000
9 0.402865 0.353704 0.025521 0.048148
9 0.421094 0.352778 0.017188 0.050000
4 0.255729 0.350000 0.096875 0.062963
9 0.485417 0.348611 0.021875 0.049074
4 0.854687 0.384722 0.063542 0.071296
4 0.989062 0.416204 0.021875 0.089815
4 0.973698 0.368519 0.052604 0.068519
