17 0.473177 0.614352 0.138021 0.241667
13 0.669792 0.593519 0.155208 0.222222
13 0.893490 0.621759 0.181771 0.306481
4 0.797656 0.596759 0.086979 0.089815
17 0.769010 0.525926 0.049479 0.055556
17 0.595052 0.524074 0.042188 0.055556
17 0.151823 0.519444 0.028646 0.040741
17 0.188021 0.521759 0.036458 0.041667
17 0.253125 0.525463 0.023958 0.054630
13 0.286979 0.565741 0.062500 0.125926
9 0.199740 0.612500 0.085938 0.113889
9 0.346354 0.528704 0.017708 0.022222
13 0.231771 0.516667 0.017708 0.037037
17 0.089583 0.521759 0.030208 0.036111
13 0.129948 0.518981 0.015104 0.041667
17 0.680729 0.526389 0.025000 0.056481
