17 0.551302 0.540278 0.046354 0.104630
17 0.592187 0.508796 0.038542 0.050926
4 0.655729 0.520370 0.087500 0.050000
17 0.763542 0.513426 0.052083 0.062037
17 0.705990 0.514352 0.014063 0.054630
17 0.515365 0.503704 0.019271 0.042593
9 0.501823 0.521759 0.038021 0.037963
13 0.345313 0.527778 0.031250 0.087037
9 0.370052 0.540278 0.017188 0.049074
17 0.294010 0.497685 0.035937 0.039815
2 0.233333 0.521296 0.034375 0.025926
17 0.184115 0.498611 0.036979 0.039815
17 0.146354 0.497685 0.029167 0.037963
17 0.096615 0.491667 0.027604 0.037037
3 0.896615 0.420370 0.206771 0.470370
