9 0.510156 0.460648 0.030729 0.100926
10 0.603385 0.427778 0.095312 0.077778
17 0.546875 0.426389 0.018750 0.058333
4 0.326042 0.433796 0.080208 0.041667
17 0.381771 0.417130 0.032292 0.047222
17 0.422656 0.418056 0.035937 0.045370
9 0.467187 0.426389 0.018750 0.028704
2 0.745052 0.460648 0.031771 0.056481
17 0.716667 0.424537 0.027083 0.056481
17 0.766406 0.422685 0.022396 0.049074
16 0.969010 0.487037 0.059896 0.079630
13 0.842448 0.534722 0.238021 0.336111
13 0.991667 0.411111 0.016667 0.050000
17 0.660417 0.423611 0.018750 0.052778
