15 0.185938 0.524074 0.370833 0.357407
15 0.583854 0.624074 0.306250 0.375926
4 0.833854 0.462500 0.096875 0.117593
17 0.911979 0.435185 0.048958 0.088889
17 0.520573 0.427778 0.090104 0.085185
17 0.575260 0.382870 0.042188 0.045370
8 0.380208 0.393519 0.103125 0.118519
4 0.137760 0.800926 0.260937 0.398148
4 0.441667 0.429630 0.098958 0.100000
4 0.730729 0.481481 0.096875 0.159259
13 0.670312 0.385648 0.029167 0.054630
19 0.950781 0.439815 0.028646 0.105556
17 0.807552 0.388426 0.022396 0.034259
