15 0.623457 0.560351 0.263668 0.118056
4 0.457451 0.521991 0.073633 0.036045
9 0.347222 0.537202 0.035714 0.030754
9 0.376984 0.532407 0.026455 0.027778
4 0.276675 0.518684 0.080688 0.042659
2 0.174162 0.512401 0.025573 0.049272
13 0.158510 0.494213 0.015432 0.017526
4 0.240300 0.500992 0.023810 0.019841
10 0.204145 0.497851 0.037919 0.040013
3 0.282628 0.488591 0.017637 0.012235
3 0.303131 0.490410 0.018078 0.009921
19 0.339947 0.505126 0.055556 0.034722
2 0.147487 0.502646 0.014550 0.027116
4 0.227734 0.495866 0.013668 0.012235
