9 0.509115 0.822222 0.282813 0.355556
3 0.842187 0.500926 0.312500 0.998148
13 0.646354 0.456944 0.114583 0.326852
13 0.458854 0.367130 0.090625 0.212037
8 0.180208 0.520833 0.309375 0.515741
3 0.052083 0.233796 0.063542 0.058333
13 0.333854 0.314815 0.065625 0.096296
10 0.043229 0.337037 0.066667 0.177778
10 0.332552 0.302315 0.084896 0.086111
9 0.260156 0.308333 0.022396 0.075926
15 0.347135 0.487037 0.136979 0.296296
4 0.239583 0.360648 0.107292 0.117593
13 0.216146 0.283796 0.037500 0.056481
