4 0.363281 0.734259 0.447396 0.531481
4 0.733854 0.738426 0.532292 0.523148
13 0.840365 0.451852 0.196354 0.181481
17 0.616146 0.421759 0.056250 0.150926
17 0.232292 0.324537 0.062500 0.047222
10 0.111458 0.259259 0.054167 0.079630
17 0.116406 0.297685 0.026562 0.039815
4 0.155729 0.453241 0.156250 0.225000
4 0.282292 0.411574 0.117708 0.149074
4 0.434375 0.500000 0.245833 0.248148
4 0.511979 0.436574 0.167708 0.158333
10 0.383854 0.334259 0.087500 0.100000
13 0.419792 0.351852 0.051042 0.087037
19 0.727344 0.465278 0.089063 0.121296
13 0.318490 0.320833 0.039062 0.036111
13 0.269531 0.325463 0.028646 0.060185
4 0.155208 0.328241 0.057292 0.065741
3 0.076042 0.268981 0.037500 0.060185
3 0.146615 0.270833 0.025521 0.049074
4 0.107031 0.374537 0.072396 0.102778
17 0.971615 0.615278 0.056771 0.341667
3 0.015104 0.262037 0.029167 0.042593
