9 0.935417 0.473148 0.032292 0.092593
13 0.865104 0.487037 0.102083 0.150000
17 0.525000 0.478241 0.045833 0.054630
17 0.597396 0.473611 0.046875 0.054630
13 0.666146 0.459722 0.025000 0.041667
13 0.683073 0.455093 0.019271 0.041667
13 0.296875 0.516204 0.040625 0.108333
3 0.394271 0.468519 0.151042 0.116667
17 0.185156 0.525926 0.044271 0.090741
9 0.245052 0.515741 0.038021 0.040741
17 0.217448 0.502778 0.017188 0.061111
17 0.268750 0.490278 0.015625 0.043519
2 0.126302 0.517593 0.031771 0.033333
17 0.069792 0.498611 0.037500 0.047222
9 0.048698 0.653241 0.054688 0.145370
17 0.146875 0.495370 0.014583 0.038889
