17 0.591146 0.625000 0.068750 0.083333
17 0.454687 0.655093 0.026042 0.093519
4 0.402604 0.690741 0.070833 0.077778
9 0.247656 0.701852 0.025521 0.096296
4 0.222917 0.697222 0.025000 0.059259
17 0.291406 0.670833 0.018229 0.039815
17 0.313542 0.668519 0.018750 0.046296
17 0.268490 0.675926 0.015104 0.048148
13 0.278646 0.670833 0.006250 0.032407
0 0.084115 0.717593 0.049479 0.074074
9 0.115104 0.712963 0.011458 0.051852
3 0.030208 0.715741 0.059375 0.109259
3 0.393490 0.597222 0.073438 0.059259
