4 0.440625 0.801389 0.201042 0.230556
4 0.614062 0.624074 0.158333 0.196296
17 0.561979 0.447222 0.092708 0.150000
17 0.467187 0.548148 0.096875 0.192593
17 0.301563 0.573148 0.088542 0.170370
9 0.250000 0.687500 0.069792 0.119444
13 0.334375 0.670370 0.101042 0.179630
20 0.660937 0.379167 0.091667 0.110185
17 0.881510 0.589815 0.085938 0.170370
13 0.884635 0.782870 0.080729 0.234259
4 0.906771 0.250463 0.121875 0.126852
13 0.822135 0.233796 0.073438 0.136111
13 0.767969 0.165741 0.049479 0.101852
13 0.715104 0.156019 0.042708 0.095370
10 0.946094 0.463426 0.107812 0.189815
9 0.367708 0.492593 0.046875 0.092593
