9 0.164062 0.528241 0.104167 0.325000
10 0.609115 0.690278 0.769271 0.602778
15 0.270313 0.391204 0.208333 0.221296
4 0.129688 0.357407 0.108333 0.107407
4 0.082552 0.336111 0.054688 0.098148
4 0.755729 0.322222 0.097917 0.101852
4 0.820833 0.322222 0.095833 0.105556
4 0.958854 0.315278 0.082292 0.102778
15 0.600000 0.298148 0.103125 0.109259
15 0.564323 0.350000 0.286979 0.157407
4 0.686198 0.322222 0.073438 0.101852
17 0.147396 0.274537 0.031250 0.032407
4 0.050000 0.275463 0.036458 0.034259
4 0.188281 0.273148 0.034896 0.033333
