20 0.326042 0.517130 0.296875 0.312037
20 0.529427 0.424074 0.131771 0.185185
20 0.599740 0.373611 0.074479 0.141667
13 0.851823 0.638889 0.288021 0.722222
13 0.848698 0.413889 0.136979 0.264815
13 0.727604 0.409722 0.058333 0.250926
13 0.107812 0.514352 0.211458 0.275000
13 0.164844 0.456481 0.084896 0.259259
13 0.346615 0.351852 0.072396 0.098148
13 0.403125 0.343519 0.065625 0.081481
4 0.644792 0.311111 0.039583 0.062963
17 0.688542 0.320370 0.041667 0.096296
3 0.723437 0.281944 0.050000 0.099074
3 0.937760 0.270370 0.086979 0.075926
19 0.964583 0.360648 0.070833 0.158333
3 0.769792 0.256944 0.053125 0.049074
13 0.602344 0.295833 0.016146 0.043519
13 0.510156 0.310648 0.023438 0.041667
