17 0.175000 0.634722 0.205208 0.325000
17 0.259375 0.498148 0.104167 0.187037
17 0.090104 0.600926 0.179167 0.298148
13 0.529427 0.373148 0.023438 0.059259
17 0.481250 0.381944 0.027083 0.058333
3 0.421875 0.377778 0.076042 0.124074
3 0.550260 0.315278 0.041146 0.091667
10 0.704427 0.378241 0.042188 0.062037
3 0.679167 0.331481 0.038542 0.101852
6 0.770573 0.315741 0.030729 0.053704
13 0.845833 0.464352 0.031250 0.080556
13 0.889062 0.436111 0.032292 0.075926
13 0.949219 0.458333 0.034896 0.083333
13 0.851042 0.402315 0.021875 0.060185
6 0.851562 0.350000 0.028125 0.046296
3 0.450521 0.306019 0.046875 0.071296
