3 0.244531 0.512037 0.397396 0.461111
13 0.036979 0.664815 0.072917 0.266667
15 0.495312 0.484259 0.055208 0.072222
13 0.749479 0.531944 0.053125 0.134259
19 0.822135 0.539815 0.066146 0.129630
7 0.686979 0.471296 0.057292 0.114815
13 0.641406 0.487037 0.027604 0.088889
17 0.583333 0.460185 0.016667 0.042593
17 0.602083 0.460185 0.013542 0.046296
17 0.527083 0.474537 0.021875 0.054630
7 0.442708 0.477315 0.029167 0.104630
13 0.436719 0.496296 0.013021 0.061111
3 0.495833 0.446759 0.034375 0.043519
19 0.616927 0.481944 0.023438 0.078704
13 0.971354 0.614815 0.052083 0.262963
13 0.468229 0.468519 0.016667 0.042593
4 0.068490 0.880093 0.134896 0.239815
13 0.038542 0.573148 0.044792 0.112963
