8 0.649740 0.385648 0.076563 0.106481
17 0.738281 0.354630 0.022396 0.062963
13 0.773177 0.378241 0.047396 0.125000
13 0.575781 0.394444 0.036979 0.109259
13 0.829948 0.349074 0.047396 0.057407
13 0.879427 0.344907 0.054688 0.060185
13 0.939323 0.341667 0.049479 0.062963
13 0.978646 0.340741 0.040625 0.068519
8 0.479687 0.376389 0.083333 0.062037
17 0.520573 0.365741 0.032813 0.044444
17 0.412500 0.370833 0.022917 0.036111
17 0.384635 0.373611 0.023438 0.034259
13 0.364063 0.370370 0.014583 0.040741
