13 0.370548 0.883562 0.212329 0.216438
13 0.745890 0.778995 0.171233 0.206393
13 0.937671 0.891781 0.124658 0.216438
13 0.500685 0.705479 0.149315 0.156164
13 0.647260 0.575799 0.105479 0.125114
13 0.371233 0.651142 0.123288 0.131507
13 0.330137 0.760274 0.139726 0.145205
13 0.478767 0.475342 0.080822 0.092237
13 0.391096 0.479452 0.089041 0.087671
13 0.436986 0.567580 0.101370 0.105023
13 0.540411 0.582648 0.102740 0.109589
13 0.543151 0.474429 0.069863 0.088584
13 0.941096 0.571233 0.093151 0.053881
13 0.909589 0.776256 0.136986 0.160731
