13 0.403125 0.616204 0.112500 0.317593
10 0.602344 0.594907 0.130729 0.337963
3 0.268490 0.357407 0.222396 0.105556
13 0.540885 0.495833 0.047396 0.156481
13 0.948698 0.518981 0.090104 0.137963
13 0.490625 0.467593 0.032292 0.103704
3 0.388281 0.374537 0.044271 0.063889
13 0.839062 0.782870 0.321875 0.408333
13 0.304167 0.484722 0.076042 0.149074
13 0.248177 0.535648 0.188021 0.232407
13 0.193490 0.603704 0.225521 0.353704
13 0.132292 0.665741 0.262500 0.457407
13 0.131250 0.713426 0.258333 0.436111
13 0.707552 0.453704 0.041146 0.075926
13 0.398177 0.432870 0.030729 0.041667
13 0.442448 0.433796 0.023438 0.047222
13 0.423177 0.437500 0.027604 0.050926
