3 0.408333 0.458333 0.400000 0.448148
3 0.428385 0.188889 0.193229 0.181481
3 0.877344 0.208333 0.130729 0.181481
3 0.960417 0.054167 0.054167 0.058333
4 0.726562 0.293056 0.105208 0.143519
4 0.672917 0.256481 0.100000 0.114815
17 0.824479 0.482407 0.170833 0.196296
13 0.419531 0.776852 0.200521 0.366667
13 0.077344 0.750000 0.153646 0.320370
13 0.118750 0.824537 0.205208 0.339815
13 0.206510 0.873611 0.197396 0.252778
8 0.572917 0.154630 0.061458 0.107407
13 0.791927 0.087500 0.017188 0.060185
4 0.765104 0.093056 0.043750 0.045370
13 0.593750 0.572222 0.109375 0.285185
