4 0.377604 0.459722 0.193750 0.225000
4 0.218490 0.385648 0.094271 0.134259
15 0.769271 0.674074 0.454167 0.635185
15 0.707031 0.323148 0.113021 0.092593
4 0.804167 0.353704 0.096875 0.081481
4 0.889323 0.356944 0.081771 0.099074
4 0.964583 0.366204 0.070833 0.106481
4 0.533073 0.443056 0.077604 0.180556
4 0.412240 0.382870 0.126562 0.132407
4 0.297656 0.345370 0.064062 0.079630
17 0.302083 0.297685 0.034375 0.034259
4 0.089063 0.335185 0.060417 0.088889
4 0.266406 0.314352 0.031771 0.056481
4 0.329948 0.310648 0.032813 0.056481
9 0.574740 0.346759 0.025521 0.045370
9 0.601562 0.337037 0.030208 0.031481
