9 0.897656 0.525000 0.090104 0.094444
17 0.814583 0.464352 0.052083 0.063889
17 0.752344 0.474074 0.063021 0.074074
13 0.977344 0.455093 0.026562 0.056481
17 0.704688 0.464815 0.034375 0.055556
17 0.640365 0.466204 0.047396 0.050926
17 0.591406 0.468519 0.043229 0.053704
17 0.557813 0.469444 0.028125 0.053704
17 0.529948 0.474074 0.038021 0.062963
15 0.475521 0.489352 0.068750 0.073148
15 0.416667 0.474537 0.042708 0.062037
9 0.385156 0.487963 0.034896 0.033333
17 0.307031 0.456481 0.031771 0.018519
17 0.341667 0.465741 0.029167 0.038889
4 0.252344 0.545370 0.211979 0.146296
