17 0.333854 0.726852 0.227083 0.335185
9 0.763281 0.647222 0.072396 0.274074
9 0.700000 0.510648 0.060417 0.234259
10 0.492969 0.354167 0.136979 0.402778
17 0.765885 0.396759 0.090104 0.230556
17 0.666667 0.356481 0.089583 0.194444
15 0.617188 0.120833 0.092708 0.150926
9 0.725260 0.118056 0.029687 0.115741
17 0.803385 0.313889 0.075521 0.192593
3 0.906771 0.620833 0.186458 0.745370
8 0.297396 0.256944 0.094792 0.237963
4 0.214323 0.368519 0.111979 0.196296
10 0.094792 0.114352 0.063542 0.145370
8 0.395052 0.291204 0.096354 0.237963
4 0.663021 0.215278 0.096875 0.139815
19 0.509896 0.083333 0.090625 0.135185
17 0.683073 0.118056 0.063021 0.119444
17 0.594792 0.029167 0.054167 0.054630
17 0.404167 0.103704 0.044792 0.094444
