6 0.855990 0.506019 0.123437 0.178704
13 0.660417 0.490278 0.023958 0.047222
13 0.677083 0.487037 0.021875 0.048148
17 0.600000 0.508796 0.056250 0.069444
3 0.528125 0.494444 0.051042 0.114815
4 0.456771 0.527315 0.069792 0.062037
4 0.245573 0.542130 0.092188 0.056481
17 0.273698 0.519444 0.030729 0.031481
13 0.076823 0.593519 0.059896 0.151852
13 0.021875 0.606481 0.041667 0.188889
17 0.034896 0.542130 0.017708 0.041667
4 0.132552 0.551852 0.034896 0.040741
17 0.135417 0.527778 0.029167 0.029630
9 0.162500 0.538426 0.017708 0.026852
13 0.992969 0.473148 0.014063 0.048148
17 0.640104 0.500926 0.016667 0.059259
