15 0.388542 0.502315 0.272917 0.432407
3 0.471094 0.294444 0.297396 0.383333
3 0.215365 0.215741 0.114062 0.166667
17 0.237240 0.338426 0.042188 0.176852
13 0.705469 0.349074 0.075521 0.248148
13 0.903125 0.394444 0.119792 0.281481
4 0.048698 0.290278 0.083854 0.104630
3 0.292448 0.214815 0.053646 0.125926
13 0.802083 0.250000 0.060417 0.072222
13 0.963542 0.347222 0.062500 0.172222
13 0.630469 0.294907 0.035937 0.125000
13 0.748437 0.231944 0.025000 0.050926
13 0.655469 0.226389 0.022396 0.039815
13 0.977083 0.243056 0.036458 0.047222
