13 0.492448 0.587037 0.121354 0.387037
13 0.593229 0.469907 0.048958 0.202778
3 0.806771 0.486111 0.386458 0.816667
3 0.414844 0.375463 0.193229 0.236111
4 0.281771 0.448148 0.116667 0.151852
9 0.227344 0.394444 0.026562 0.092593
17 0.044010 0.511574 0.086979 0.247222
17 0.104688 0.409722 0.050000 0.119444
8 0.126562 0.364815 0.048958 0.068519
3 0.065104 0.333796 0.061458 0.080556
3 0.112760 0.317130 0.033854 0.043519
3 0.147656 0.324537 0.025521 0.058333
13 0.015885 0.368981 0.029687 0.056481
13 0.032552 0.359722 0.022396 0.041667
2 0.060677 0.356019 0.019271 0.045370
17 0.208854 0.332407 0.010417 0.024074
13 0.289844 0.361111 0.025521 0.051852
17 0.313802 0.363426 0.019271 0.062037
19 0.259896 0.358333 0.028125 0.053704
17 0.234375 0.332407 0.013542 0.024074
17 0.585677 0.386574 0.047396 0.084259
4 0.197396 0.330093 0.010417 0.019444
