17 0.955729 0.536111 0.037500 0.077778
9 0.927604 0.550000 0.028125 0.090741
9 0.881510 0.564815 0.026562 0.100000
9 0.835417 0.580093 0.027083 0.110185
8 0.856510 0.545833 0.016146 0.032407
13 0.815625 0.562963 0.014583 0.046296
2 0.520573 0.686111 0.038021 0.077778
13 0.478385 0.672685 0.046354 0.130556
8 0.604688 0.626389 0.075000 0.097222
13 0.781250 0.574537 0.025000 0.058333
2 0.375781 0.800463 0.079687 0.112037
13 0.399740 0.691204 0.039062 0.106481
13 0.300781 0.732407 0.071354 0.142593
13 0.354948 0.671296 0.030729 0.068519
20 0.105469 0.781481 0.138021 0.187037
2 0.211979 0.797222 0.025000 0.092593
