17 0.366927 0.831944 0.110937 0.139815
9 0.457031 0.917593 0.078646 0.096296
4 0.064062 0.806944 0.127083 0.150926
10 0.755729 0.465278 0.197917 0.154630
3 0.818490 0.807870 0.363021 0.287963
3 0.204687 0.344444 0.243750 0.177778
10 0.391406 0.573611 0.179688 0.126852
4 0.672656 0.583333 0.142187 0.100000
8 0.870833 0.562500 0.146875 0.132407
15 0.708333 0.342593 0.137500 0.103704
13 0.896615 0.412500 0.075521 0.104630
9 0.453125 0.419907 0.055208 0.069444
9 0.597656 0.438426 0.057812 0.091667
10 0.080469 0.473611 0.141146 0.123148
0 0.150000 0.574537 0.187500 0.139815
