9 0.754948 0.665278 0.033854 0.125000
9 0.833333 0.627778 0.020833 0.077778
9 0.871875 0.618981 0.020833 0.076852
17 0.916927 0.600463 0.035937 0.065741
13 0.666927 0.664352 0.038021 0.100926
13 0.638542 0.667130 0.017708 0.097222
13 0.503125 0.700463 0.040625 0.089815
13 0.432552 0.732870 0.070312 0.162037
19 0.728646 0.633333 0.020833 0.053704
13 0.704427 0.655556 0.027604 0.092593
13 0.764062 0.621296 0.012500 0.031481
4 0.889062 0.589352 0.012500 0.019444
20 0.235677 0.813889 0.100521 0.096296
