3 0.342969 0.269907 0.322396 0.493519
2 0.910156 0.725926 0.178646 0.548148
13 0.560417 0.355093 0.100000 0.232407
13 0.857812 0.468981 0.200000 0.412037
8 0.035937 0.252778 0.070833 0.122222
10 0.150000 0.225000 0.051042 0.116667
13 0.644792 0.243981 0.029167 0.075000
13 0.960938 0.416667 0.078125 0.266667
4 0.072917 0.232870 0.031250 0.056481
13 0.568490 0.231944 0.030729 0.050926
13 0.600781 0.228241 0.027604 0.043519
13 0.607031 0.337500 0.078646 0.191667
13 0.798438 0.243981 0.038542 0.052778
13 0.673177 0.225000 0.019271 0.029630
13 0.744271 0.310648 0.042708 0.141667
