17 0.410938 0.682407 0.109375 0.192593
4 0.588802 0.611574 0.129688 0.167593
17 0.521615 0.521759 0.081771 0.147222
19 0.634375 0.464352 0.105208 0.152778
19 0.748958 0.412963 0.080208 0.125926
3 0.668229 0.347685 0.105208 0.158333
3 0.479167 0.395833 0.215625 0.345370
15 0.106250 0.394444 0.097917 0.096296
4 0.889844 0.464352 0.070312 0.123148
4 0.970833 0.477315 0.058333 0.126852
17 0.755729 0.243519 0.027083 0.048148
4 0.036979 0.413889 0.072917 0.090741
9 0.739323 0.489352 0.030729 0.097222
