4 0.601302 0.634259 0.163021 0.205556
3 0.428385 0.548148 0.331771 0.359259
17 0.178646 0.612500 0.159375 0.230556
3 0.634115 0.296759 0.128646 0.143519
13 0.468750 0.836574 0.148958 0.323148
13 0.672656 0.474537 0.081771 0.150926
17 0.770833 0.402778 0.065625 0.109259
13 0.753125 0.587037 0.096875 0.209259
10 0.693229 0.368519 0.100000 0.112963
7 0.914323 0.300000 0.076563 0.096296
7 0.970833 0.301852 0.058333 0.088889
13 0.278906 0.890278 0.135937 0.219444
13 0.561458 0.924537 0.140625 0.150926
13 0.616927 0.873148 0.151562 0.253704
13 0.689323 0.864815 0.153646 0.270370
13 0.721875 0.824074 0.144792 0.316667
13 0.814844 0.695370 0.100521 0.170370
13 0.961979 0.587963 0.061458 0.116667
13 0.898438 0.631481 0.116667 0.098148
13 0.874479 0.673148 0.117708 0.094444
13 0.859896 0.436574 0.044792 0.132407
13 0.836719 0.398148 0.044271 0.103704
13 0.978906 0.423148 0.042188 0.127778
3 0.097135 0.367593 0.193229 0.135185
13 0.321615 0.367593 0.039062 0.103704
13 0.535156 0.297685 0.030729 0.073148
13 0.364844 0.338426 0.029687 0.071296
