17 0.041204 0.541927 0.080556 0.067187
19 0.198611 0.531771 0.093519 0.043750
19 0.306481 0.529687 0.072222 0.039583
9 0.259722 0.531771 0.025000 0.033333
17 0.353241 0.527865 0.023148 0.026562
4 0.408333 0.525781 0.046296 0.019271
9 0.531481 0.525000 0.025926 0.023958
4 0.660185 0.527344 0.050000 0.022396
4 0.621759 0.523698 0.026852 0.015104
8 0.710185 0.522917 0.035185 0.025000
13 0.743981 0.529427 0.036111 0.039062
13 0.781019 0.527865 0.037963 0.039062
13 0.908796 0.539323 0.112037 0.102604
