13 0.765741 0.518490 0.075926 0.069271
13 0.690278 0.513021 0.039815 0.037500
13 0.654630 0.511979 0.037037 0.036458
4 0.572685 0.514583 0.049074 0.025000
4 0.524537 0.511458 0.041667 0.018750
4 0.340741 0.511979 0.040741 0.020833
9 0.435185 0.511458 0.024074 0.026042
19 0.240278 0.516406 0.076852 0.039062
19 0.122222 0.516406 0.077778 0.050521
9 0.179630 0.516927 0.025926 0.031771
17 0.017130 0.526302 0.030556 0.067187
17 0.287500 0.514323 0.021296 0.029687
8 0.619907 0.509375 0.039815 0.026042
