9 0.894531 0.574537 0.034896 0.106481
9 0.838281 0.592593 0.032813 0.122222
9 0.808594 0.591667 0.024479 0.109259
8 0.697396 0.590741 0.036458 0.053704
13 0.667188 0.595833 0.021875 0.056481
13 0.631510 0.606019 0.015104 0.056481
2 0.617969 0.630093 0.024479 0.102778
13 0.581250 0.626852 0.033333 0.088889
13 0.555990 0.630093 0.017188 0.075000
9 0.513281 0.659722 0.032813 0.052778
13 0.767708 0.575463 0.015625 0.043519
13 0.782031 0.571296 0.010937 0.040741
13 0.791667 0.569444 0.008333 0.037037
17 0.869010 0.554630 0.018229 0.040741
13 0.603385 0.605093 0.010937 0.041667
9 0.258854 0.731481 0.046875 0.111111
