13 0.473698 0.617130 0.283854 0.497222
13 0.166146 0.719444 0.210417 0.561111
2 0.269010 0.525000 0.131771 0.372222
2 0.208594 0.389815 0.072396 0.207407
4 0.412500 0.400926 0.220833 0.174074
4 0.505729 0.418981 0.094792 0.156481
19 0.664323 0.436574 0.289062 0.317593
9 0.831510 0.416204 0.033854 0.110185
13 0.883594 0.440741 0.084896 0.250000
13 0.952865 0.479630 0.079687 0.285185
13 0.947917 0.358796 0.060417 0.141667
8 0.891406 0.312963 0.083854 0.077778
3 0.084375 0.244444 0.167708 0.381481
