3 0.336719 0.688426 0.188021 0.226852
3 0.066146 0.811574 0.131250 0.330556
3 0.450521 0.570833 0.158333 0.128704
3 0.715625 0.549537 0.055208 0.137963
13 0.792708 0.621759 0.028125 0.078704
4 0.619271 0.543056 0.033333 0.050926
3 0.574479 0.469907 0.031250 0.073148
20 0.894010 0.675000 0.041146 0.107407
13 0.978125 0.660648 0.038542 0.087963
6 0.879427 0.551852 0.027604 0.070370
6 0.798177 0.502315 0.027604 0.049074
3 0.462500 0.491667 0.077083 0.040741
3 0.446094 0.504167 0.074479 0.043519
13 0.822396 0.619907 0.028125 0.073148
