6 0.882222 0.582332 0.072000 0.092548
4 0.439556 0.588942 0.061333 0.067308
13 0.168889 0.591346 0.051556 0.074519
13 0.113778 0.599760 0.035556 0.074519
10 0.044889 0.600962 0.061333 0.072115
13 0.316889 0.573317 0.020444 0.033654
18 0.533333 0.553486 0.053333 0.075721
13 0.582667 0.564303 0.013333 0.025240
18 0.437333 0.540865 0.023111 0.033654
13 0.747111 0.572716 0.022222 0.049279
18 0.255111 0.570913 0.051556 0.057692
8 0.348444 0.563101 0.035556 0.025240
18 0.394667 0.553486 0.024889 0.037260
