6 0.490291 0.683065 0.076591 0.085484
17 0.565264 0.862903 0.060410 0.074194
17 0.528587 0.900806 0.064725 0.066129
17 0.606796 0.829839 0.055016 0.069355
10 0.299892 0.666129 0.075512 0.070968
17 0.148867 0.829839 0.062567 0.072581
17 0.095469 0.890323 0.076591 0.070968
17 0.151564 0.904839 0.067961 0.074194
17 0.620820 0.593548 0.046386 0.058065
17 0.662352 0.620968 0.047465 0.054839
17 0.578209 0.640323 0.049622 0.054839
17 0.665049 0.675000 0.050701 0.056452
17 0.628910 0.720161 0.051780 0.056452
17 0.694175 0.708871 0.052859 0.053226
17 0.720604 0.662903 0.053937 0.061290
19 0.816613 0.629032 0.066882 0.096774
17 0.485437 0.766935 0.058252 0.066129
13 0.306365 0.854839 0.053937 0.067742
4 0.413161 0.668548 0.086300 0.075806
8 0.406149 0.740323 0.093851 0.083871
4 0.392125 0.815323 0.096009 0.085484
17 0.279935 0.536290 0.037756 0.059677
17 0.071737 0.532258 0.055016 0.058065
17 0.929881 0.588710 0.043150 0.064516
4 0.950378 0.671774 0.051780 0.114516
17 0.695793 0.579032 0.043150 0.054839
17 0.717907 0.535484 0.035599 0.051613
17 0.752967 0.520968 0.036677 0.064516
17 0.727616 0.488710 0.035599 0.048387
17 0.766451 0.471774 0.029126 0.053226
17 0.825782 0.500806 0.031284 0.062903
19 0.702805 0.784677 0.104639 0.114516
10 0.333873 0.190323 0.046386 0.061290
4 0.933657 0.800000 0.065804 0.145161
17 0.764293 0.635484 0.044229 0.067742
17 0.823085 0.559677 0.038835 0.058065
4 0.652643 0.545161 0.069040 0.061290
15 0.533981 0.613710 0.088457 0.075806
4 0.550701 0.712903 0.085221 0.080645
15 0.778317 0.723387 0.087379 0.095161
15 0.879720 0.455645 0.042071 0.085484
8 0.930421 0.470161 0.042071 0.088710
4 0.324703 0.536290 0.040992 0.085484
20 0.314995 0.584677 0.060410 0.056452
4 0.061489 0.583871 0.092772 0.077419
9 0.216828 0.800000 0.045307 0.054839
17 0.861381 0.336290 0.039914 0.053226
4 0.476807 0.281452 0.047465 0.040323
4 0.358684 0.403226 0.033441 0.064516
4 0.402373 0.354839 0.038835 0.058065
4 0.804746 0.458065 0.030205 0.080645
4 0.781553 0.401613 0.046386 0.061290
4 0.738943 0.437903 0.030205 0.069355
8 0.718447 0.350000 0.045307 0.070968
15 0.906149 0.525000 0.036677 0.088710
3 0.873247 0.213710 0.031284 0.075806
4 0.665588 0.273387 0.051780 0.050000
4 0.783711 0.307258 0.055016 0.053226
4 0.836030 0.396774 0.045307 0.067742
12 0.227616 0.438710 0.040992 0.080645
