4 0.317969 0.841204 0.391146 0.310185
3 0.183594 0.623611 0.339062 0.252778
16 0.728385 0.651389 0.172396 0.128704
4 0.552344 0.665741 0.166146 0.114815
17 0.641146 0.635185 0.073958 0.092593
3 0.565104 0.594907 0.164583 0.087963
13 0.495573 0.631481 0.055729 0.081481
9 0.442188 0.647685 0.046875 0.087963
13 0.881250 0.584259 0.022917 0.055556
4 0.972917 0.612037 0.053125 0.075926
15 0.940365 0.586574 0.040104 0.056481
17 0.751823 0.586574 0.022396 0.023148
15 0.771615 0.586574 0.020313 0.028704
17 0.679167 0.607407 0.033333 0.046296
