4 0.347656 0.911111 0.176563 0.162963
15 0.478906 0.831481 0.181771 0.192593
4 0.294010 0.727778 0.128646 0.131481
4 0.201563 0.758796 0.121875 0.141667
13 0.116667 0.788889 0.094792 0.175926
4 0.154948 0.581481 0.067187 0.088889
13 0.627865 0.764352 0.122396 0.134259
13 0.671094 0.709722 0.127604 0.162037
13 0.751563 0.701852 0.091667 0.114815
13 0.892708 0.715278 0.097917 0.143519
13 0.788542 0.667130 0.093750 0.130556
13 0.888021 0.616667 0.034375 0.085185
4 0.553125 0.567593 0.054167 0.096296
15 0.589844 0.542593 0.049479 0.088889
4 0.351823 0.533333 0.046354 0.079630
4 0.412760 0.537963 0.039062 0.088889
15 0.463281 0.533796 0.040104 0.086111
4 0.522656 0.521759 0.042188 0.069444
19 0.580729 0.478241 0.037500 0.067593
4 0.520052 0.476389 0.034896 0.036111
4 0.474479 0.501389 0.039583 0.067593
8 0.475781 0.462963 0.034896 0.057407
4 0.409375 0.493056 0.034375 0.050926
19 0.431771 0.458333 0.034375 0.075926
4 0.361719 0.493981 0.041146 0.060185
10 0.366406 0.440278 0.035937 0.069444
17 0.399219 0.468056 0.021354 0.050926
4 0.036719 0.500463 0.057812 0.047222
11 0.117448 0.444444 0.096354 0.107407
13 0.040885 0.706944 0.078646 0.156481
17 0.576302 0.439352 0.021354 0.021296
17 0.564063 0.432407 0.018750 0.035185
17 0.544010 0.420370 0.022396 0.029630
4 0.540365 0.455093 0.028646 0.047222
4 0.554427 0.473148 0.024479 0.044444
17 0.505990 0.462963 0.021354 0.048148
8 0.466406 0.443519 0.030729 0.062963
10 0.460417 0.396296 0.022917 0.051852
19 0.484896 0.385648 0.020833 0.034259
19 0.502344 0.424537 0.026562 0.054630
0 0.528385 0.386574 0.024479 0.037963
4 0.526042 0.421296 0.017708 0.035185
3 0.498698 0.328241 0.019271 0.036111
3 0.481250 0.335185 0.019792 0.037037
4 0.490365 0.364815 0.014063 0.009259
6 0.424479 0.381481 0.017708 0.033333
17 0.444010 0.401389 0.011979 0.036111
8 0.428385 0.414815 0.026562 0.042593
4 0.393229 0.420370 0.018750 0.033333
4 0.393229 0.397685 0.019792 0.013889
8 0.396094 0.381481 0.021354 0.038889
15 0.406250 0.362963 0.017708 0.022222
10 0.419792 0.332870 0.014583 0.023148
17 0.310937 0.393981 0.015625 0.030556
8 0.391146 0.320833 0.012500 0.015741
19 0.428125 0.355556 0.015625 0.024074
18 0.457292 0.370370 0.021875 0.024074
19 0.450521 0.345370 0.012500 0.020370
17 0.463021 0.354167 0.010417 0.008333
8 0.510156 0.374074 0.017188 0.038889
