4 0.356978 0.280630 0.143188 0.072173
4 0.837798 0.416791 0.324405 0.293899
4 0.062831 0.267733 0.072751 0.039931
4 0.164021 0.260665 0.044312 0.033730
9 0.191468 0.263641 0.027778 0.046627
9 0.215112 0.268105 0.026124 0.050595
4 0.237599 0.264385 0.043981 0.038194
4 0.258598 0.258929 0.035053 0.027282
17 0.093419 0.260541 0.045304 0.041915
10 0.157242 0.239707 0.045966 0.026538
9 0.130787 0.254836 0.015542 0.028026
3 0.092427 0.234871 0.027447 0.011409
3 0.065642 0.236607 0.024140 0.010913
2 0.010747 0.263889 0.019511 0.042163
