4 0.598049 0.489087 0.344907 0.122520
4 0.513724 0.442212 0.135251 0.049107
4 0.089286 0.442708 0.124339 0.060516
9 0.251323 0.437748 0.039021 0.058532
9 0.213294 0.430308 0.039021 0.056052
9 0.171131 0.420635 0.022156 0.034226
4 0.257110 0.431300 0.069775 0.044643
10 0.159061 0.406870 0.047619 0.036954
4 0.190972 0.414807 0.018849 0.019097
3 0.235615 0.403274 0.034722 0.014881
3 0.074074 0.396701 0.029101 0.014137
17 0.110615 0.415303 0.049934 0.027530
4 0.071925 0.408482 0.028770 0.009425
4 0.026620 0.411458 0.016865 0.017857
3 0.049934 0.396949 0.024471 0.009673
4 0.148479 0.425843 0.027116 0.035714
