13 0.403906 0.691667 0.273438 0.616667
13 0.796875 0.726389 0.325000 0.547222
4 0.243750 0.388889 0.200000 0.188889
4 0.925000 0.493056 0.150000 0.325000
17 0.808594 0.315278 0.060938 0.152778
4 0.346875 0.298611 0.084375 0.052778
8 0.195312 0.266667 0.134375 0.077778
8 0.274219 0.247222 0.151563 0.061111
19 0.335938 0.241667 0.118750 0.066667
3 0.563281 0.179167 0.098438 0.086111
13 0.701563 0.309722 0.062500 0.152778
9 0.875781 0.338889 0.051563 0.144444
8 0.949219 0.277778 0.095313 0.094444
14 0.775000 0.326389 0.050000 0.158333
