4 0.226042 0.875463 0.396875 0.237963
13 0.615625 0.815741 0.208333 0.281481
13 0.431771 0.796759 0.214583 0.265741
16 0.270573 0.743981 0.124479 0.097222
8 0.404427 0.725926 0.076563 0.105556
17 0.444531 0.711111 0.030729 0.070370
9 0.446615 0.723611 0.022396 0.078704
15 0.359115 0.707870 0.042188 0.071296
4 0.123958 0.770833 0.219792 0.119444
16 0.306510 0.710185 0.044271 0.057407
13 0.049479 0.719907 0.025000 0.052778
8 0.177604 0.690741 0.027083 0.025926
8 0.191406 0.687037 0.017188 0.020370
9 0.501563 0.705093 0.019792 0.060185
13 0.785937 0.725926 0.048958 0.101852
13 0.858333 0.724074 0.072917 0.105556
