13 0.397135 0.724074 0.073438 0.211111
13 0.500000 0.663426 0.052083 0.089815
13 0.572917 0.656944 0.042708 0.115741
13 0.153646 0.712963 0.085417 0.094444
13 0.196354 0.691667 0.044792 0.081481
9 0.283854 0.677315 0.029167 0.076852
13 0.341406 0.656481 0.020313 0.066667
4 0.310417 0.649074 0.023958 0.038889
3 0.355729 0.624074 0.034375 0.064815
3 0.327865 0.617593 0.023438 0.040741
9 0.444010 0.644907 0.021354 0.084259
3 0.793490 0.604167 0.413021 0.312037
13 0.964323 0.710185 0.066146 0.274074
