4 0.847057 0.488591 0.285384 0.104167
4 0.334821 0.477803 0.225198 0.098462
17 0.234954 0.439856 0.066468 0.057292
15 0.386905 0.439856 0.093254 0.040923
4 0.190311 0.437004 0.035384 0.043651
2 0.071594 0.432912 0.024802 0.047371
9 0.131118 0.437252 0.031415 0.053075
4 0.171462 0.423859 0.036045 0.021825
8 0.171958 0.412574 0.029101 0.008681
3 0.160218 0.404762 0.032738 0.011905
10 0.257937 0.415055 0.052249 0.037450
4 0.109954 0.420511 0.022817 0.020585
3 0.135582 0.404514 0.022487 0.007937
8 0.196594 0.411582 0.018849 0.006696
17 0.202050 0.413318 0.017196 0.006200
3 0.296958 0.409722 0.029101 0.011905
