17 0.068750 0.745833 0.072917 0.141667
17 0.237240 0.728241 0.060937 0.125000
17 0.249479 0.649537 0.042708 0.084259
17 0.287760 0.572222 0.030729 0.072222
17 0.112500 0.641204 0.062500 0.093519
17 0.170573 0.679167 0.058854 0.106481
4 0.403385 0.599537 0.046354 0.078704
4 0.460677 0.604630 0.046354 0.085185
15 0.511458 0.598148 0.044792 0.090741
19 0.475521 0.521759 0.035417 0.071296
4 0.456250 0.561574 0.036458 0.063889
4 0.410417 0.562963 0.039583 0.068519
10 0.412500 0.508333 0.036458 0.070370
6 0.465365 0.448148 0.017188 0.038889
10 0.501042 0.462037 0.023958 0.059259
19 0.525260 0.448148 0.022396 0.037037
19 0.624219 0.545833 0.038021 0.082407
15 0.638542 0.593981 0.058333 0.082407
4 0.601042 0.625463 0.056250 0.080556
4 0.568490 0.581944 0.045312 0.073148
8 0.520312 0.523611 0.039583 0.054630
4 0.520833 0.566204 0.039583 0.071296
4 0.563021 0.543519 0.035417 0.046296
18 0.395313 0.918519 0.354167 0.162963
13 0.629167 0.932407 0.104167 0.107407
17 0.283073 0.535648 0.030729 0.056481
3 0.192708 0.565741 0.108333 0.127778
15 0.213021 0.616667 0.090625 0.090741
17 0.654167 0.539352 0.029167 0.065741
17 0.616146 0.496759 0.023958 0.025000
17 0.602604 0.485648 0.020833 0.030556
17 0.584375 0.474537 0.027083 0.023148
4 0.581250 0.506944 0.030208 0.041667
0 0.562760 0.445370 0.024479 0.040741
4 0.437760 0.488426 0.021354 0.039815
11 0.175521 0.516667 0.089583 0.096296
4 0.435937 0.488426 0.022917 0.039815
8 0.437500 0.447685 0.021875 0.034259
8 0.434635 0.465278 0.023438 0.017593
19 0.473438 0.438889 0.019792 0.037037
17 0.484896 0.464815 0.015625 0.037037
19 0.543490 0.484259 0.026562 0.059259
3 0.517448 0.400463 0.023438 0.043519
19 0.488021 0.408796 0.015625 0.026852
19 0.472656 0.406019 0.010937 0.019444
19 0.454948 0.409259 0.015104 0.016667
4 0.446354 0.426852 0.015625 0.016667
3 0.533333 0.385185 0.017708 0.029630
3 0.512240 0.382870 0.019271 0.052778
3 0.309115 0.471296 0.054688 0.062963
17 0.301823 0.508796 0.023438 0.045370
4 0.332292 0.540278 0.040625 0.060185
4 0.353125 0.481019 0.034375 0.043519
8 0.401562 0.407407 0.017708 0.022222
8 0.375000 0.431481 0.019792 0.025926
10 0.458333 0.394907 0.012500 0.015741
8 0.474740 0.389815 0.009896 0.018519
19 0.489063 0.389352 0.010417 0.019444
4 0.422396 0.401389 0.014583 0.021296
17 0.089063 0.586574 0.052083 0.082407
