9 0.174479 0.762963 0.079167 0.266667
17 0.309896 0.745370 0.139583 0.259259
18 0.391667 0.681019 0.045833 0.178704
4 0.428646 0.705093 0.036458 0.076852
8 0.524219 0.701852 0.055729 0.101852
19 0.582552 0.698611 0.061979 0.086111
3 0.430208 0.654167 0.037500 0.093519
4 0.459635 0.687500 0.024479 0.041667
15 0.660937 0.700926 0.045833 0.059259
10 0.622396 0.683796 0.022917 0.037963
4 0.636979 0.693519 0.022917 0.042593
18 0.692969 0.661111 0.049479 0.061111
8 0.756510 0.682870 0.050521 0.036111
4 0.713542 0.686574 0.030208 0.015741
18 0.896615 0.656481 0.069271 0.092593
3 0.961719 0.627778 0.076563 0.609259
