4 0.156510 0.926389 0.291146 0.139815
4 0.495833 0.931019 0.258333 0.137963
10 0.516146 0.823148 0.201042 0.187037
8 0.737240 0.697222 0.160938 0.200000
4 0.871875 0.734259 0.151042 0.179630
10 0.739323 0.908333 0.196354 0.175926
4 0.902604 0.593519 0.112500 0.112963
13 0.952344 0.836574 0.082812 0.247222
13 0.966927 0.923611 0.056771 0.134259
15 0.978125 0.519444 0.040625 0.098148
9 0.127604 0.765278 0.091667 0.121296
13 0.467448 0.571759 0.069271 0.130556
15 0.435937 0.446296 0.076042 0.083333
9 0.493490 0.542593 0.018229 0.050000
8 0.558073 0.450926 0.066146 0.062963
14 0.572396 0.516204 0.034375 0.043519
4 0.018490 0.580556 0.035937 0.098148
17 0.016406 0.506481 0.030729 0.061111
