13 0.128125 0.656944 0.250000 0.675000
13 0.761719 0.651389 0.332813 0.697222
10 0.451563 0.365278 0.225000 0.408333
3 0.155469 0.327778 0.304688 0.544444
3 0.394531 0.215278 0.139063 0.202778
3 0.710938 0.187500 0.153125 0.136111
9 0.951563 0.366667 0.084375 0.238889
13 0.800000 0.319444 0.084375 0.183333
13 0.858594 0.291667 0.060938 0.155556
13 0.606250 0.362500 0.087500 0.258333
13 0.700000 0.388889 0.143750 0.333333
13 0.521875 0.245833 0.043750 0.041667
13 0.566406 0.240278 0.045313 0.052778
6 0.621094 0.212500 0.045313 0.058333
13 0.305469 0.268056 0.048438 0.113889
13 0.902344 0.236111 0.035938 0.038889
13 0.964063 0.261111 0.043750 0.077778
13 0.931250 0.262500 0.028125 0.063889
13 0.948438 0.841667 0.096875 0.305556
