17 0.836198 0.874074 0.139063 0.244444
4 0.696615 0.869444 0.161979 0.261111
6 0.386979 0.703241 0.097917 0.328704
8 0.542708 0.681481 0.101042 0.311111
4 0.627344 0.602315 0.086979 0.156481
17 0.702865 0.556944 0.068229 0.160185
9 0.750000 0.667130 0.045833 0.162037
13 0.847396 0.490278 0.063542 0.123148
13 0.774219 0.458333 0.053646 0.092593
13 0.902083 0.501389 0.043750 0.119444
4 0.265365 0.738426 0.128646 0.243519
4 0.207812 0.953704 0.145833 0.081481
4 0.485677 0.928241 0.124479 0.143519
10 0.435937 0.536574 0.069792 0.230556
10 0.451562 0.266667 0.033333 0.061111
10 0.426042 0.179167 0.012500 0.023148
19 0.510677 0.314352 0.036979 0.073148
19 0.437240 0.335185 0.038021 0.088889
19 0.420312 0.257407 0.027083 0.055556
19 0.433333 0.206944 0.016667 0.030556
8 0.529167 0.237963 0.023958 0.031481
19 0.355208 0.385185 0.052083 0.109259
4 0.367969 0.338889 0.039062 0.062963
4 0.389062 0.285185 0.032292 0.050000
15 0.397396 0.238426 0.019792 0.036111
17 0.413802 0.205556 0.011979 0.027778
17 0.407031 0.224537 0.014063 0.028704
19 0.420312 0.195833 0.014583 0.028704
3 0.483594 0.155556 0.018229 0.033333
4 0.553906 0.369444 0.040104 0.075926
4 0.497656 0.385185 0.040104 0.068519
17 0.473958 0.332407 0.026042 0.064815
17 0.464583 0.421759 0.032292 0.071296
17 0.511458 0.476389 0.039583 0.110185
4 0.581771 0.334259 0.045833 0.057407
0 0.553646 0.283333 0.035417 0.062963
17 0.519010 0.276852 0.018229 0.042593
17 0.480729 0.263426 0.016667 0.039815
17 0.449479 0.228241 0.013542 0.017593
17 0.464583 0.235185 0.013542 0.024074
17 0.478125 0.240278 0.013542 0.017593
17 0.453906 0.212037 0.010937 0.016667
17 0.468750 0.208796 0.011458 0.019444
17 0.203906 0.335648 0.036979 0.065741
17 0.155469 0.333796 0.036979 0.058333
17 0.286979 0.246759 0.018750 0.045370
17 0.023438 0.518519 0.042708 0.088889
4 0.059896 0.627315 0.118750 0.162037
4 0.161979 0.464815 0.104167 0.098148
4 0.141406 0.393519 0.084896 0.075926
8 0.055208 0.399074 0.100000 0.105556
9 0.231250 0.351389 0.018750 0.067593
4 0.274479 0.332870 0.048958 0.056481
15 0.245573 0.305093 0.040104 0.054630
15 0.297135 0.284259 0.023438 0.057407
15 0.320833 0.243981 0.022917 0.026852
3 0.226562 0.256019 0.076042 0.089815
9 0.311458 0.216667 0.007292 0.029630
15 0.046615 0.326852 0.054688 0.051852
11 0.125000 0.280556 0.095833 0.107407
15 0.035677 0.476852 0.067187 0.072222
4 0.319531 0.532870 0.082812 0.132407
4 0.433073 0.227778 0.018229 0.022222
4 0.501042 0.224537 0.016667 0.028704
4 0.488802 0.235185 0.017188 0.029630
4 0.471094 0.223148 0.016146 0.020370
3 0.488802 0.191667 0.021354 0.046296
4 0.531250 0.258796 0.018750 0.032407
4 0.501823 0.262500 0.023438 0.036111
8 0.507552 0.199074 0.016146 0.025926
8 0.464062 0.184722 0.010417 0.017593
3 0.505469 0.172685 0.020313 0.030556
4 0.520312 0.225463 0.018750 0.025000
4 0.514062 0.211574 0.015625 0.013889
19 0.439583 0.189352 0.011458 0.019444
8 0.444531 0.170370 0.011979 0.018519
15 0.458333 0.170833 0.011458 0.013889
15 0.376302 0.180556 0.013021 0.018519
3 0.436458 0.147222 0.012500 0.022222
