4 0.891406 0.682870 0.100521 0.112037
4 0.955208 0.655556 0.062500 0.077778
3 0.936458 0.608333 0.113542 0.096296
13 0.678646 0.658796 0.063542 0.080556
13 0.699479 0.653704 0.041667 0.079630
13 0.827083 0.634722 0.035417 0.062037
4 0.529427 0.687037 0.100521 0.072222
13 0.134896 0.748148 0.052083 0.125926
16 0.220312 0.690741 0.051042 0.064815
3 0.166406 0.650926 0.054688 0.088889
3 0.070312 0.670833 0.054167 0.095370
4 0.302865 0.672222 0.043229 0.040741
13 0.758333 0.640741 0.029167 0.057407
13 0.858333 0.629167 0.019792 0.043519
13 0.036979 0.677315 0.014583 0.050926
13 0.265365 0.661574 0.015104 0.037963
