4 0.647396 0.788426 0.218750 0.215741
17 0.460938 0.535185 0.047917 0.120370
9 0.417448 0.436574 0.026562 0.067593
9 0.214844 0.706944 0.055729 0.154630
9 0.149479 0.552778 0.060417 0.092593
9 0.033594 0.872222 0.063021 0.142593
9 0.463021 0.395833 0.019792 0.065741
4 0.609635 0.422685 0.045312 0.076852
4 0.670833 0.431481 0.043750 0.083333
4 0.826562 0.465278 0.059375 0.091667
4 0.817448 0.341204 0.035937 0.049074
4 0.829948 0.360648 0.026562 0.049074
17 0.498177 0.345370 0.024479 0.051852
4 0.620313 0.384259 0.040625 0.062963
10 0.625260 0.332870 0.036979 0.075000
17 0.658333 0.356481 0.023958 0.053704
19 0.691406 0.350926 0.039062 0.085185
15 0.726562 0.435648 0.048958 0.102778
15 0.341406 0.386574 0.046354 0.054630
11 0.406250 0.340741 0.079167 0.101852
15 0.871875 0.432870 0.063542 0.099074
13 0.969531 0.504630 0.053646 0.124074
4 0.791927 0.417593 0.048438 0.085185
15 0.739062 0.392130 0.046875 0.071296
4 0.788802 0.369907 0.042188 0.039815
19 0.772135 0.307870 0.028646 0.056481
19 0.731771 0.333333 0.034375 0.074074
6 0.686979 0.269907 0.018750 0.041667
3 0.746094 0.183333 0.020313 0.025926
19 0.753385 0.272685 0.023438 0.045370
19 0.690885 0.238889 0.016146 0.022222
19 0.695833 0.257407 0.018750 0.033333
10 0.683854 0.214815 0.013542 0.018519
8 0.656771 0.266667 0.021875 0.037037
4 0.651563 0.308333 0.019792 0.029630
4 0.654167 0.292593 0.021875 0.025926
19 0.715625 0.226389 0.016667 0.019444
10 0.725521 0.282870 0.028125 0.062037
17 0.706250 0.288889 0.013542 0.044444
3 0.749479 0.220370 0.025000 0.046296
3 0.770312 0.207407 0.022917 0.042593
0 0.802344 0.266667 0.029687 0.042593
8 0.815104 0.282870 0.021875 0.023148
4 0.800000 0.304167 0.025000 0.043519
19 0.697917 0.224074 0.012500 0.016667
8 0.669010 0.248611 0.017188 0.023148
8 0.678125 0.230093 0.016667 0.023148
8 0.723698 0.219907 0.011979 0.017593
17 0.842708 0.312963 0.022917 0.038889
17 0.858594 0.325000 0.026562 0.025926
13 0.609375 0.225926 0.007292 0.018519
4 0.655729 0.194444 0.008333 0.020370
19 0.862760 0.364352 0.043229 0.062037
17 0.775000 0.341204 0.023958 0.036111
8 0.740365 0.345370 0.040104 0.044444
