4 0.739583 0.851389 0.154167 0.293519
4 0.694792 0.621759 0.098958 0.150926
4 0.332292 0.862500 0.137500 0.271296
4 0.417708 0.477315 0.053125 0.100926
4 0.616146 0.464815 0.056250 0.090741
8 0.705469 0.505556 0.083854 0.118519
4 0.579948 0.573611 0.077604 0.130556
4 0.504427 0.584722 0.065104 0.134259
4 0.487500 0.497222 0.054167 0.098148
4 0.305469 0.450000 0.057812 0.066667
19 0.494010 0.423148 0.045312 0.098148
4 0.613281 0.361574 0.039062 0.050926
4 0.654687 0.401852 0.052083 0.064815
4 0.611458 0.324537 0.031250 0.034259
4 0.286458 0.403241 0.061458 0.067593
4 0.344010 0.392593 0.045312 0.053704
4 0.361198 0.362037 0.030729 0.038889
4 0.388802 0.306481 0.025521 0.022222
4 0.455469 0.318519 0.024479 0.038889
4 0.089583 0.598611 0.129167 0.126852
4 0.033333 0.591667 0.064583 0.109259
4 0.319531 0.369444 0.029687 0.042593
4 0.357292 0.328704 0.025000 0.035185
15 0.288281 0.402778 0.055729 0.061111
4 0.046094 0.781944 0.091146 0.180556
19 0.179688 0.639352 0.140625 0.197222
8 0.422656 0.594444 0.073438 0.187037
17 0.546354 0.853704 0.090625 0.237037
17 0.570312 0.680556 0.058333 0.179630
17 0.552344 0.461111 0.035937 0.081481
17 0.564844 0.418056 0.028646 0.063889
17 0.535677 0.408796 0.027604 0.069444
17 0.516406 0.387037 0.021354 0.055556
17 0.445312 0.440278 0.029167 0.076852
17 0.457292 0.401389 0.025000 0.065741
17 0.531510 0.362037 0.022396 0.035185
4 0.489063 0.302778 0.018750 0.035185
4 0.514583 0.286574 0.017708 0.021296
4 0.528906 0.280093 0.017188 0.028704
8 0.524479 0.247685 0.015625 0.025000
3 0.569792 0.313889 0.043750 0.090741
3 0.566146 0.260648 0.037500 0.026852
3 0.565885 0.232407 0.019271 0.029630
3 0.544792 0.226389 0.017708 0.047222
15 0.494792 0.277778 0.018750 0.025926
8 0.478906 0.331019 0.023438 0.052778
19 0.444531 0.362037 0.032813 0.066667
17 0.565625 0.380093 0.023958 0.025000
9 0.604688 0.403704 0.017708 0.051852
3 0.519010 0.214815 0.013021 0.020370
8 0.502083 0.261574 0.013542 0.023148
10 0.468750 0.278704 0.019792 0.040741
8 0.489844 0.243519 0.011979 0.018519
4 0.483073 0.271296 0.009896 0.024074
19 0.495052 0.232870 0.009896 0.013889
19 0.504427 0.244907 0.010937 0.015741
17 0.236719 0.473611 0.048438 0.084259
17 0.202865 0.449537 0.044271 0.075000
17 0.267448 0.388426 0.029687 0.060185
9 0.301823 0.356481 0.018229 0.035185
11 0.201042 0.369907 0.086458 0.104630
9 0.319271 0.334259 0.012500 0.031481
9 0.300781 0.355093 0.013021 0.041667
9 0.283594 0.355093 0.015104 0.041667
17 0.361198 0.306019 0.016146 0.026852
17 0.392448 0.288426 0.014063 0.019444
17 0.416406 0.278704 0.011979 0.024074
4 0.388542 0.283796 0.018750 0.023148
4 0.409115 0.273611 0.014063 0.026852
4 0.435156 0.261111 0.014063 0.016667
4 0.421354 0.257870 0.014583 0.025000
4 0.435677 0.246759 0.011979 0.012037
3 0.449479 0.234259 0.016667 0.027778
3 0.497656 0.213426 0.013021 0.017593
13 0.852604 0.505093 0.072917 0.119444
13 0.938021 0.518056 0.081250 0.112037
9 0.211719 0.854630 0.089063 0.235185
17 0.175781 0.487963 0.054688 0.090741
15 0.131250 0.426389 0.051042 0.063889
9 0.136458 0.892593 0.110417 0.174074
