4 0.210938 0.703704 0.091667 0.153704
4 0.336979 0.715741 0.091667 0.172222
15 0.446094 0.718519 0.090104 0.185185
4 0.629427 0.775463 0.113021 0.173148
15 0.715104 0.713426 0.109375 0.167593
19 0.691927 0.603704 0.073438 0.146296
4 0.633333 0.579630 0.045833 0.096296
19 0.379167 0.546296 0.060417 0.144444
8 0.471615 0.650000 0.077604 0.155556
4 0.235677 0.626389 0.081771 0.130556
10 0.246094 0.508796 0.069271 0.139815
10 0.300000 0.470370 0.042708 0.079630
17 0.309896 0.568981 0.043750 0.106481
10 0.439583 0.425463 0.050000 0.132407
8 0.452083 0.519907 0.055208 0.117593
8 0.471615 0.556481 0.073438 0.114815
17 0.533854 0.554167 0.044792 0.099074
4 0.570052 0.680093 0.086979 0.147222
17 0.682552 0.512500 0.048438 0.045370
17 0.656510 0.486574 0.041146 0.058333
17 0.615104 0.478241 0.045833 0.067593
19 0.527865 0.481944 0.063021 0.115741
10 0.540104 0.512037 0.050000 0.072222
4 0.562760 0.601852 0.081771 0.092593
4 0.607812 0.537963 0.066667 0.088889
15 0.578646 0.473611 0.038542 0.084259
19 0.491927 0.403241 0.043229 0.082407
17 0.404167 0.424074 0.025000 0.066667
8 0.373437 0.467130 0.057292 0.106481
6 0.364323 0.389815 0.039062 0.068519
19 0.383073 0.373148 0.035937 0.070370
8 0.307292 0.383796 0.042708 0.071296
4 0.298958 0.430556 0.044792 0.033333
4 0.296875 0.431019 0.040625 0.034259
4 0.323958 0.371296 0.033333 0.055556
8 0.329688 0.354167 0.033333 0.047222
19 0.347656 0.316667 0.031771 0.042593
4 0.088802 0.471759 0.069271 0.080556
19 0.419531 0.317593 0.029687 0.046296
3 0.482031 0.303241 0.047396 0.087963
3 0.473958 0.257870 0.037500 0.100926
3 0.517708 0.284722 0.038542 0.080556
0 0.581250 0.398148 0.050000 0.068519
4 0.578125 0.472685 0.047917 0.076852
15 0.602865 0.427778 0.042188 0.033333
8 0.545833 0.365278 0.034375 0.036111
4 0.503906 0.359259 0.036979 0.024074
19 0.522656 0.322222 0.025521 0.046296
15 0.526823 0.342130 0.027604 0.032407
4 0.235156 0.334722 0.027604 0.028704
3 0.421615 0.234722 0.026562 0.043519
19 0.430208 0.302778 0.028125 0.035185
10 0.357031 0.285648 0.024479 0.036111
10 0.394271 0.272222 0.025000 0.035185
19 0.385156 0.313426 0.025521 0.045370
8 0.422917 0.275463 0.023958 0.030556
3 0.377865 0.227315 0.024479 0.043519
4 0.013542 0.621759 0.025000 0.100926
9 0.147396 0.348611 0.013542 0.058333
