4 0.645052 0.888426 0.140104 0.223148
4 0.652344 0.518056 0.092188 0.117593
4 0.896094 0.607870 0.189062 0.119444
4 0.060677 0.665278 0.119271 0.139815
10 0.150781 0.500926 0.094271 0.111111
4 0.200781 0.420833 0.053646 0.054630
9 0.218229 0.450463 0.021875 0.071296
15 0.109635 0.474074 0.066146 0.087037
4 0.104948 0.450926 0.064062 0.070370
4 0.031250 0.600926 0.061458 0.077778
11 0.086719 0.388889 0.095312 0.112963
4 0.025260 0.518519 0.048438 0.085185
9 0.111719 0.869444 0.080729 0.192593
15 0.216927 0.876852 0.144271 0.246296
9 0.041406 0.948148 0.072396 0.100000
17 0.316927 0.683333 0.064062 0.174074
19 0.387240 0.830093 0.123437 0.332407
17 0.509115 0.818056 0.084896 0.234259
17 0.567187 0.706019 0.072917 0.178704
17 0.484375 0.682407 0.060417 0.148148
17 0.441146 0.634259 0.051042 0.157407
17 0.377083 0.603241 0.050000 0.139815
17 0.475781 0.558333 0.039062 0.103704
4 0.588021 0.450000 0.046875 0.090741
3 0.526823 0.450000 0.090104 0.200000
8 0.454687 0.481019 0.047917 0.119444
19 0.321615 0.504167 0.063021 0.141667
8 0.400000 0.518056 0.055208 0.128704
19 0.384896 0.468981 0.053125 0.132407
4 0.389323 0.406481 0.035937 0.068519
19 0.437500 0.425463 0.040625 0.093519
4 0.457292 0.358796 0.030208 0.050926
4 0.423698 0.370370 0.031771 0.048148
4 0.420312 0.342593 0.026042 0.033333
15 0.387500 0.358796 0.034375 0.056481
10 0.350260 0.363426 0.028646 0.080556
4 0.332031 0.427778 0.045312 0.048148
4 0.388021 0.320833 0.023958 0.037963
4 0.380469 0.290278 0.019271 0.026852
19 0.403385 0.296759 0.018229 0.037963
8 0.441927 0.303241 0.025521 0.039815
8 0.455469 0.332407 0.027604 0.048148
8 0.457813 0.293056 0.020833 0.032407
19 0.471094 0.276852 0.017188 0.031481
4 0.488542 0.306481 0.016667 0.033333
3 0.504687 0.334259 0.043750 0.046296
3 0.510938 0.322685 0.045833 0.065741
3 0.449219 0.252315 0.021354 0.067593
3 0.470833 0.252778 0.018750 0.040741
8 0.428385 0.289352 0.019271 0.034259
19 0.405990 0.273148 0.016146 0.020370
4 0.420833 0.267593 0.011458 0.022222
8 0.442188 0.302315 0.025000 0.037963
8 0.386719 0.274537 0.018229 0.026852
17 0.202083 0.362037 0.030208 0.053704
4 0.259635 0.376852 0.035937 0.046296
17 0.270313 0.329167 0.021875 0.037963
13 0.749740 0.515741 0.061979 0.114815
13 0.825781 0.521759 0.077604 0.108333
13 0.868750 0.515741 0.026042 0.077778
15 0.017969 0.444444 0.033854 0.061111
9 0.210156 0.313426 0.016146 0.036111
17 0.256250 0.323611 0.017708 0.041667
17 0.285938 0.314352 0.017708 0.034259
8 0.297135 0.330556 0.027604 0.038889
15 0.303385 0.296759 0.022396 0.032407
4 0.321615 0.287037 0.018229 0.024074
17 0.333333 0.266667 0.010417 0.022222
8 0.363802 0.257407 0.011979 0.018519
4 0.348958 0.261111 0.012500 0.020370
4 0.363542 0.340741 0.019792 0.040741
19 0.394792 0.255556 0.013542 0.012963
8 0.434115 0.261111 0.010937 0.016667
9 0.141406 0.406944 0.022396 0.058333
