13 0.511719 0.793056 0.464063 0.408333
13 0.854688 0.627778 0.290625 0.711111
13 0.204688 0.594444 0.259375 0.694444
10 0.296094 0.279167 0.204688 0.336111
17 0.621094 0.233333 0.110938 0.183333
4 0.715625 0.238889 0.112500 0.144444
3 0.119531 0.197222 0.210938 0.300000
3 0.030469 0.411111 0.057813 0.716667
10 0.628125 0.148611 0.112500 0.086111
13 0.502344 0.387500 0.179688 0.452778
19 0.913281 0.208333 0.173438 0.161111
13 0.818750 0.211111 0.103125 0.122222
3 0.321875 0.126389 0.081250 0.069444
