15 0.448177 0.462037 0.058854 0.122222
13 0.740885 0.443981 0.065104 0.106481
13 0.809375 0.452778 0.055208 0.105556
13 0.852604 0.457407 0.039583 0.101852
13 0.889323 0.470370 0.023438 0.059259
9 0.075521 0.524074 0.039583 0.103704
4 0.141146 0.436111 0.062500 0.090741
9 0.053385 0.446296 0.027604 0.090741
9 0.195052 0.325926 0.020313 0.055556
9 0.162240 0.334722 0.023438 0.060185
17 0.225260 0.318519 0.017188 0.062963
17 0.286979 0.238426 0.016667 0.036111
17 0.375260 0.322222 0.024479 0.057407
17 0.419010 0.252778 0.014063 0.038889
17 0.482812 0.313426 0.023958 0.052778
17 0.539323 0.281019 0.020313 0.041667
17 0.552604 0.288426 0.022917 0.023148
4 0.322656 0.412037 0.050521 0.081481
4 0.384635 0.421296 0.051562 0.088889
4 0.533333 0.425463 0.057292 0.087963
15 0.567969 0.384259 0.052604 0.081481
15 0.451823 0.375926 0.047396 0.074074
4 0.387500 0.357870 0.041667 0.058333
19 0.408073 0.310648 0.038021 0.078704
10 0.342187 0.294907 0.035417 0.075000
4 0.339583 0.349537 0.042708 0.063889
4 0.500781 0.373148 0.045312 0.070370
4 0.530729 0.322685 0.021875 0.047222
4 0.517969 0.303241 0.029687 0.047222
19 0.453125 0.318519 0.036458 0.062963
19 0.441927 0.295370 0.029687 0.066667
8 0.402604 0.271759 0.030208 0.054630
4 0.369010 0.274074 0.020313 0.037037
19 0.479167 0.273611 0.029167 0.062037
10 0.484635 0.290278 0.027604 0.039815
4 0.495312 0.334722 0.038542 0.047222
17 0.520052 0.273148 0.025521 0.037037
4 0.502865 0.269907 0.020313 0.037963
0 0.503646 0.235185 0.025000 0.038889
19 0.460938 0.236574 0.022917 0.041667
10 0.436458 0.249537 0.023958 0.063889
8 0.515625 0.247222 0.020833 0.018519
3 0.456250 0.185185 0.021875 0.048148
3 0.473177 0.176852 0.021354 0.040741
3 0.451562 0.155093 0.017708 0.036111
19 0.476042 0.197685 0.013542 0.026852
6 0.398958 0.230093 0.018750 0.034259
4 0.366146 0.250463 0.021875 0.017593
8 0.370052 0.230093 0.025521 0.036111
19 0.387760 0.194907 0.020313 0.025000
10 0.393750 0.175463 0.014583 0.013889
19 0.409115 0.188889 0.013021 0.018519
8 0.402604 0.203241 0.014583 0.023148
19 0.408594 0.223611 0.020313 0.037963
4 0.432552 0.186111 0.010937 0.018519
3 0.425781 0.150463 0.014063 0.021296
15 0.476042 0.229630 0.013542 0.022222
4 0.277083 0.224537 0.028125 0.028704
14 0.335156 0.182407 0.006771 0.020370
13 0.326302 0.179167 0.006771 0.019444
11 0.087760 0.305556 0.096354 0.114815
