10 0.458333 0.921296 0.155208 0.150000
4 0.703125 0.742593 0.107292 0.181481
4 0.754687 0.597222 0.095833 0.116667
4 0.583854 0.642593 0.059375 0.116667
4 0.414062 0.565741 0.050000 0.087037
4 0.434375 0.497222 0.044792 0.064815
4 0.574479 0.453241 0.031250 0.058333
4 0.558073 0.409259 0.024479 0.042593
4 0.603906 0.434722 0.026562 0.045370
4 0.561979 0.383796 0.021875 0.030556
4 0.483854 0.389352 0.022917 0.036111
4 0.422135 0.824074 0.108854 0.207407
4 0.211458 0.682407 0.106250 0.116667
4 0.317448 0.511111 0.054688 0.070370
4 0.194010 0.532870 0.073438 0.063889
4 0.329948 0.438889 0.039062 0.037037
4 0.067708 0.625926 0.113542 0.109259
4 0.067969 0.895833 0.127604 0.193519
4 0.570052 0.360648 0.019271 0.021296
4 0.557031 0.357870 0.014063 0.021296
4 0.521875 0.328241 0.012500 0.017593
4 0.457813 0.313426 0.010417 0.010185
15 0.446354 0.426389 0.028125 0.047222
4 0.520573 0.398148 0.022396 0.033333
17 0.639583 0.919907 0.090625 0.160185
17 0.557552 0.818519 0.066146 0.205556
17 0.550260 0.570833 0.038021 0.099074
17 0.544531 0.460648 0.023438 0.058333
17 0.456250 0.401852 0.015625 0.029630
17 0.491927 0.415741 0.017188 0.044444
17 0.514844 0.410185 0.017188 0.035185
17 0.536458 0.423148 0.018750 0.044444
17 0.544271 0.368981 0.013542 0.028704
17 0.529948 0.364352 0.011979 0.030556
17 0.514323 0.369907 0.013021 0.028704
17 0.509896 0.362500 0.012500 0.026852
17 0.110937 0.657407 0.068750 0.120370
17 0.212760 0.562963 0.046354 0.087037
17 0.257552 0.581481 0.049479 0.096296
17 0.258073 0.512500 0.041146 0.056481
17 0.317188 0.411111 0.018750 0.037037
4 0.283073 0.479630 0.047396 0.053704
4 0.346875 0.468056 0.039583 0.050926
3 0.368750 0.372685 0.044792 0.065741
17 0.395573 0.362963 0.010937 0.024074
17 0.469010 0.362037 0.014063 0.029630
3 0.541406 0.296759 0.018229 0.028704
3 0.544531 0.334722 0.019271 0.043519
3 0.562500 0.316667 0.020833 0.044444
3 0.516146 0.296296 0.013542 0.020370
10 0.495052 0.293519 0.010937 0.022222
10 0.485156 0.326852 0.011979 0.027778
19 0.475521 0.345370 0.016667 0.025926
19 0.489063 0.366204 0.019792 0.032407
19 0.494531 0.347222 0.014063 0.027778
19 0.514844 0.338889 0.014063 0.025926
4 0.429427 0.344444 0.015104 0.022222
19 0.502604 0.587037 0.056250 0.138889
19 0.607552 0.547222 0.063021 0.124074
0 0.658333 0.490278 0.057292 0.099074
13 0.852083 0.587963 0.068750 0.114815
13 0.923177 0.606019 0.068229 0.121296
15 0.595313 0.387037 0.026042 0.038889
4 0.586979 0.371759 0.017708 0.026852
8 0.564583 0.336111 0.014583 0.022222
10 0.503646 0.312963 0.012500 0.012963
19 0.386719 0.645370 0.078646 0.166667
19 0.460417 0.452778 0.032292 0.074074
8 0.291406 0.436574 0.044271 0.050926
4 0.016406 0.732407 0.030729 0.074074
17 0.594271 0.466204 0.027083 0.041667
9 0.617969 0.456019 0.016146 0.056481
9 0.488542 0.675926 0.039583 0.112963
2 0.310937 0.652315 0.012500 0.054630
11 0.197917 0.447222 0.089583 0.107407
15 0.393229 0.387037 0.022917 0.024074
15 0.126823 0.500926 0.052604 0.057407
9 0.366667 0.413426 0.012500 0.037963
9 0.744271 0.931944 0.057292 0.125000
