17 0.358333 0.927315 0.076042 0.141667
17 0.804167 0.878704 0.090625 0.170370
17 0.745833 0.696296 0.056250 0.107407
17 0.728125 0.652778 0.046875 0.081481
17 0.713542 0.619907 0.044792 0.067593
17 0.685677 0.596296 0.035937 0.062963
17 0.687240 0.552778 0.033854 0.025926
17 0.757031 0.575463 0.036979 0.032407
17 0.377344 0.655093 0.035937 0.084259
17 0.177604 0.676852 0.050000 0.074074
17 0.182812 0.629630 0.042708 0.029630
4 0.254167 0.576389 0.043750 0.045370
3 0.184896 0.838889 0.182292 0.318519
4 0.472135 0.737500 0.064062 0.112037
4 0.391406 0.514815 0.024479 0.033333
4 0.403906 0.434722 0.010937 0.021296
4 0.406510 0.411111 0.006771 0.012963
4 0.423698 0.414815 0.007812 0.009259
15 0.942708 0.885648 0.111458 0.199074
4 0.891927 0.737500 0.108854 0.115741
4 0.844271 0.793981 0.112500 0.154630
4 0.821875 0.678241 0.069792 0.087963
4 0.678385 0.698611 0.083854 0.097222
4 0.633333 0.770370 0.082292 0.142593
8 0.707031 0.843519 0.141146 0.196296
4 0.727865 0.787963 0.097396 0.131481
4 0.898177 0.953704 0.150521 0.085185
8 0.964323 0.723611 0.068229 0.108333
15 0.890104 0.665278 0.097917 0.110185
4 0.762240 0.625000 0.072396 0.088889
4 0.714323 0.577315 0.041146 0.026852
9 0.573438 0.695370 0.032292 0.100000
9 0.604427 0.690741 0.023438 0.096296
9 0.621875 0.663426 0.014583 0.067593
9 0.633073 0.674074 0.019271 0.051852
17 0.664062 0.630093 0.051042 0.049074
8 0.610417 0.614352 0.057292 0.078704
17 0.730990 0.561111 0.036979 0.038889
17 0.688802 0.555556 0.035937 0.037037
4 0.573177 0.661111 0.063021 0.092593
4 0.654687 0.601852 0.056250 0.044444
4 0.548958 0.609722 0.048958 0.071296
4 0.578646 0.584722 0.040625 0.054630
4 0.555208 0.554167 0.037500 0.043519
4 0.531510 0.577778 0.040104 0.061111
4 0.645573 0.558333 0.046354 0.053704
4 0.594271 0.541667 0.039583 0.037037
4 0.650000 0.526852 0.033333 0.022222
17 0.604688 0.517593 0.022917 0.022222
15 0.572917 0.521296 0.031250 0.038889
17 0.541667 0.529167 0.021875 0.036111
19 0.504687 0.524537 0.034375 0.062037
3 0.569792 0.463426 0.055208 0.050926
4 0.619531 0.513426 0.026562 0.034259
4 0.576823 0.500926 0.025521 0.025926
4 0.544010 0.497222 0.023438 0.025926
4 0.621094 0.538889 0.027604 0.029630
4 0.551562 0.514815 0.021875 0.029630
10 0.536979 0.469907 0.027083 0.036111
17 0.665365 0.541204 0.026562 0.034259
17 0.598437 0.510185 0.019792 0.025926
9 0.479427 0.883333 0.039062 0.144444
10 0.422917 0.439352 0.016667 0.039815
4 0.512760 0.553704 0.032813 0.048148
8 0.480990 0.490278 0.019271 0.043519
19 0.492708 0.464352 0.018750 0.032407
3 0.501042 0.424074 0.022917 0.029630
17 0.514323 0.468519 0.014063 0.022222
15 0.463802 0.466204 0.008854 0.036111
10 0.454948 0.427778 0.011979 0.018519
4 0.459375 0.452315 0.014583 0.025000
10 0.485156 0.433333 0.016146 0.024074
17 0.075781 0.810648 0.078646 0.132407
