4 0.605655 0.491691 0.356151 0.128720
4 0.507937 0.444816 0.141534 0.056796
4 0.079365 0.446181 0.126984 0.061012
9 0.239914 0.440848 0.040675 0.059276
9 0.201224 0.433780 0.041336 0.056548
9 0.160053 0.424727 0.022487 0.035962
17 0.098710 0.417411 0.053241 0.026786
3 0.059028 0.400174 0.029431 0.012649
9 0.030589 0.421751 0.022817 0.031498
4 0.011905 0.415303 0.017196 0.018601
3 0.034888 0.401166 0.022817 0.009673
4 0.136078 0.429812 0.028770 0.037202
10 0.146164 0.409102 0.046958 0.036954
4 0.177249 0.417535 0.018519 0.019097
3 0.221396 0.406250 0.034061 0.014385
4 0.057705 0.412574 0.028770 0.010169
4 0.247189 0.434400 0.069775 0.044395
