2 0.433854 0.367593 0.065625 0.342593
4 0.729427 0.312963 0.176563 0.209259
4 0.833333 0.242130 0.131250 0.099074
3 0.813802 0.200000 0.178646 0.122222
13 0.621354 0.262963 0.044792 0.131481
13 0.533333 0.272222 0.046875 0.103704
13 0.580469 0.254630 0.022396 0.061111
9 0.321615 0.310185 0.074479 0.133333
3 0.309635 0.259722 0.102604 0.147222
9 0.069271 0.350463 0.112500 0.162037
13 0.203385 0.316204 0.027604 0.075000
17 0.034896 0.344444 0.053125 0.111111
9 0.132812 0.336574 0.035417 0.080556
3 0.459896 0.243981 0.045833 0.058333
16 0.491146 0.256019 0.014583 0.023148
