4 0.316927 0.845833 0.372396 0.308333
17 0.873958 0.710648 0.110417 0.169444
17 0.682552 0.674537 0.049479 0.091667
17 0.632552 0.658796 0.036979 0.076852
16 0.452083 0.687963 0.079167 0.098148
8 0.495573 0.670370 0.068229 0.100000
4 0.067187 0.760648 0.129167 0.149074
13 0.166406 0.706019 0.110937 0.125000
4 0.335417 0.727778 0.189583 0.137037
4 0.386198 0.696296 0.093229 0.090741
8 0.282552 0.645833 0.024479 0.030556
13 0.282552 0.652315 0.015104 0.034259
13 0.360156 0.642593 0.023438 0.031481
16 0.405990 0.644444 0.029687 0.029630
4 0.396875 0.653241 0.043750 0.019444
15 0.453125 0.640741 0.031250 0.025926
13 0.796354 0.684259 0.045833 0.100000
13 0.943750 0.751389 0.104167 0.295370
