12 0.058333 0.870370 0.111458 0.138889
13 0.096615 0.890741 0.070312 0.131481
13 0.277083 0.867130 0.076042 0.176852
10 0.047656 0.595370 0.064062 0.081481
13 0.091927 0.743981 0.069271 0.110185
13 0.031510 0.667130 0.043229 0.108333
13 0.038542 0.771759 0.068750 0.102778
13 0.149479 0.812500 0.053125 0.163889
4 0.272135 0.757407 0.125521 0.116667
4 0.048438 0.542130 0.051042 0.043519
4 0.210156 0.586574 0.073438 0.082407
4 0.600000 0.868981 0.185417 0.197222
4 0.806771 0.667130 0.071875 0.136111
4 0.763281 0.484722 0.046354 0.069444
11 0.839323 0.443519 0.090104 0.127778
13 0.964323 0.887500 0.067187 0.213889
17 0.937500 0.701852 0.085417 0.155556
13 0.791927 0.790741 0.132812 0.177778
13 0.678385 0.662500 0.082812 0.158333
3 0.465365 0.635185 0.252604 0.255556
8 0.428906 0.868981 0.192188 0.236111
