15 0.691964 0.480655 0.514881 0.212302
2 0.007606 0.388517 0.013889 0.038442
4 0.073247 0.390749 0.059193 0.034474
4 0.292328 0.401042 0.109127 0.054067
4 0.175099 0.391245 0.032077 0.044395
10 0.147487 0.372272 0.040344 0.036706
4 0.203704 0.389137 0.040344 0.033730
4 0.234623 0.382316 0.036706 0.021081
4 0.157903 0.385665 0.024140 0.029266
3 0.088459 0.362599 0.029431 0.011905
3 0.063161 0.363219 0.019841 0.008681
17 0.109623 0.376736 0.022156 0.018849
17 0.082672 0.375248 0.029101 0.015873
9 0.104001 0.379092 0.012897 0.025050
9 0.038525 0.378720 0.010913 0.022817
8 0.122685 0.373264 0.012566 0.016369
3 0.289848 0.365575 0.031415 0.017857
4 0.343750 0.390749 0.058532 0.039435
