18 0.482812 0.675926 0.108333 0.296296
4 0.655469 0.780556 0.120313 0.253704
4 0.683594 0.594444 0.080729 0.133333
4 0.348958 0.737037 0.097917 0.211111
4 0.170833 0.648611 0.121875 0.128704
4 0.244010 0.512963 0.083854 0.092593
4 0.217448 0.468981 0.071354 0.075000
4 0.291406 0.436574 0.053646 0.067593
4 0.259635 0.389815 0.050521 0.055556
4 0.303385 0.384259 0.041146 0.050000
4 0.389583 0.572685 0.072917 0.121296
4 0.308854 0.324074 0.026042 0.037037
4 0.354948 0.349537 0.020313 0.043519
4 0.313542 0.350000 0.017708 0.033333
4 0.347396 0.295833 0.023958 0.034259
15 0.418490 0.423611 0.042188 0.080556
8 0.435417 0.468519 0.051042 0.116667
15 0.099740 0.574537 0.119271 0.121296
9 0.134115 0.470833 0.033854 0.076852
9 0.178385 0.436574 0.026562 0.075000
9 0.215885 0.400000 0.024479 0.050000
11 0.188802 0.359259 0.091146 0.109259
4 0.577604 0.346759 0.033333 0.052778
4 0.543229 0.443519 0.044792 0.083333
4 0.482292 0.395370 0.039583 0.068519
4 0.579688 0.301389 0.025000 0.037963
19 0.445312 0.299537 0.023958 0.049074
19 0.486458 0.348148 0.034375 0.064815
4 0.607292 0.497685 0.062500 0.106481
4 0.606771 0.413889 0.046875 0.066667
17 0.551302 0.916204 0.093229 0.160185
13 0.845052 0.487037 0.074479 0.120370
17 0.569010 0.581481 0.048438 0.131481
17 0.505729 0.510648 0.042708 0.097222
17 0.546615 0.494444 0.038021 0.094444
17 0.439583 0.383333 0.028125 0.053704
17 0.446875 0.325000 0.020833 0.042593
17 0.519010 0.347222 0.021354 0.051852
17 0.555729 0.379167 0.027083 0.062037
17 0.542969 0.339815 0.021354 0.053704
17 0.511719 0.325463 0.018229 0.045370
17 0.529948 0.313889 0.016146 0.038889
3 0.540365 0.263426 0.032813 0.078704
4 0.515625 0.248611 0.012500 0.023148
8 0.479167 0.294907 0.021875 0.045370
8 0.472396 0.282407 0.018750 0.044444
8 0.506250 0.280556 0.019792 0.035185
8 0.497656 0.270833 0.015104 0.034259
4 0.485156 0.261574 0.013021 0.023148
4 0.460156 0.271296 0.013021 0.025926
10 0.470573 0.246759 0.014063 0.032407
3 0.508073 0.201389 0.014063 0.023148
4 0.580208 0.278241 0.021875 0.030556
15 0.623177 0.359722 0.040104 0.065741
4 0.604948 0.324074 0.028646 0.038889
4 0.569010 0.260648 0.020313 0.023148
3 0.554948 0.218056 0.019271 0.028704
3 0.533854 0.206944 0.017708 0.041667
8 0.494271 0.222222 0.011458 0.016667
3 0.486719 0.197222 0.011979 0.018519
8 0.510677 0.222222 0.013021 0.012963
17 0.080469 0.500000 0.067187 0.066667
9 0.027344 0.527778 0.041146 0.083333
15 0.117448 0.415278 0.050521 0.062037
8 0.372656 0.269907 0.020313 0.028704
17 0.365365 0.304630 0.020313 0.037037
3 0.425260 0.230556 0.022396 0.037037
8 0.481250 0.221296 0.010417 0.014815
8 0.559896 0.239815 0.011458 0.018519
4 0.489844 0.442593 0.040104 0.081481
9 0.215885 0.804167 0.061979 0.152778
9 0.165885 0.886111 0.127604 0.174074
9 0.832812 0.837500 0.064583 0.215741
9 0.794792 0.676852 0.047917 0.162963
