4 0.153125 0.794907 0.302083 0.319444
15 0.887240 0.733333 0.196354 0.192593
4 0.719010 0.717130 0.083854 0.089815
8 0.536458 0.719444 0.096875 0.188889
17 0.408333 0.700000 0.041667 0.085185
19 0.603385 0.699074 0.059896 0.094444
10 0.640625 0.694444 0.023958 0.062963
18 0.882292 0.632407 0.182292 0.125926
18 0.700521 0.662500 0.037500 0.026852
9 0.346094 0.703241 0.025521 0.071296
9 0.368490 0.709259 0.023438 0.081481
15 0.444531 0.686574 0.017188 0.039815
4 0.482292 0.697222 0.019792 0.040741
