9 0.099479 0.745833 0.035417 0.115741
9 0.171094 0.775000 0.033854 0.127778
9 0.199219 0.739815 0.028646 0.111111
9 0.251563 0.485648 0.017708 0.045370
4 0.068750 0.646296 0.082292 0.083333
9 0.603385 0.860185 0.045312 0.177778
9 0.650000 0.825000 0.047917 0.122222
9 0.700000 0.832407 0.050000 0.088889
9 0.717448 0.551389 0.021354 0.036111
9 0.964062 0.731944 0.027083 0.076852
9 0.823698 0.627778 0.018229 0.040741
17 0.277083 0.584259 0.035417 0.090741
17 0.291406 0.485648 0.021354 0.049074
17 0.748437 0.761111 0.081250 0.092593
17 0.878646 0.864815 0.096875 0.183333
17 0.851042 0.793056 0.082292 0.126852
17 0.784635 0.702315 0.057812 0.104630
17 0.828125 0.743056 0.072917 0.112037
17 0.786979 0.631481 0.050000 0.053704
17 0.861458 0.643519 0.059375 0.066667
17 0.751302 0.607870 0.045312 0.056481
17 0.650781 0.564352 0.041146 0.039815
17 0.900000 0.672222 0.061458 0.059259
15 0.720052 0.635648 0.075521 0.087963
4 0.673438 0.654167 0.075000 0.063889
4 0.606510 0.673611 0.065104 0.093519
4 0.558333 0.712500 0.081250 0.121296
4 0.906510 0.749074 0.123437 0.150000
4 0.973958 0.845833 0.048958 0.143519
4 0.686458 0.934259 0.131250 0.131481
4 0.770052 0.866667 0.133854 0.159259
4 0.847917 0.954167 0.158333 0.087963
4 0.974219 0.951389 0.049479 0.089815
8 0.633854 0.603241 0.067708 0.063889
4 0.678125 0.599074 0.048958 0.053704
4 0.727083 0.582407 0.054167 0.035185
8 0.681771 0.560648 0.050000 0.045370
17 0.639323 0.550463 0.033854 0.043519
8 0.605729 0.538426 0.041667 0.049074
15 0.598437 0.575000 0.054167 0.077778
8 0.660417 0.724537 0.096875 0.130556
4 0.730990 0.713889 0.093229 0.094444
4 0.526042 0.657870 0.061458 0.106481
19 0.483073 0.563889 0.050521 0.101852
4 0.349219 0.606019 0.052604 0.087963
4 0.352865 0.525000 0.045312 0.053704
4 0.348438 0.459722 0.029167 0.041667
4 0.311458 0.417130 0.018750 0.032407
10 0.352604 0.383796 0.016667 0.041667
4 0.333073 0.385648 0.011979 0.019444
4 0.326823 0.376852 0.011979 0.020370
17 0.307552 0.369444 0.010937 0.020370
4 0.595833 0.803241 0.101042 0.158333
3 0.617188 0.477315 0.092708 0.091667
18 0.543229 0.477315 0.051042 0.073148
8 0.451042 0.510185 0.027083 0.072222
8 0.467708 0.468056 0.030208 0.047222
3 0.482812 0.410648 0.043750 0.054630
17 0.503646 0.477315 0.020833 0.034259
10 0.455208 0.416204 0.026042 0.036111
8 0.420052 0.469444 0.020313 0.057407
10 0.404948 0.418981 0.017188 0.045370
8 0.424479 0.407870 0.017708 0.026852
10 0.423958 0.399074 0.018750 0.042593
4 0.550260 0.525000 0.034896 0.040741
4 0.520573 0.571296 0.026562 0.066667
17 0.545312 0.583333 0.038542 0.066667
4 0.496615 0.614815 0.051562 0.081481
3 0.190365 0.605556 0.097396 0.205556
