13 0.121094 0.759722 0.235938 0.480556
13 0.535156 0.741667 0.254688 0.516667
17 0.772656 0.579167 0.157813 0.302778
4 0.130469 0.554167 0.248438 0.169444
4 0.221094 0.529167 0.182813 0.147222
4 0.278125 0.506944 0.168750 0.125000
4 0.386719 0.473611 0.089063 0.080556
4 0.398438 0.462500 0.096875 0.080556
15 0.489844 0.440278 0.070312 0.091667
8 0.292969 0.473611 0.201563 0.141667
17 0.683594 0.461111 0.051563 0.122222
13 0.602344 0.427778 0.020313 0.055556
19 0.889063 0.440278 0.037500 0.080556
