13 0.423438 0.748611 0.256250 0.480556
13 0.626563 0.845833 0.334375 0.308333
10 0.671875 0.495833 0.146875 0.263889
3 0.606250 0.406944 0.112500 0.213889
13 0.839844 0.513889 0.073438 0.211111
13 0.777344 0.469444 0.045313 0.161111
13 0.957813 0.493056 0.081250 0.158333
10 0.096875 0.579167 0.187500 0.402778
10 0.216406 0.504167 0.157813 0.269444
10 0.302344 0.448611 0.089063 0.158333
10 0.347656 0.418056 0.060938 0.108333
13 0.491406 0.427778 0.029688 0.088889
13 0.518750 0.443056 0.028125 0.086111
10 0.810156 0.416667 0.082813 0.077778
