15 0.889844 0.915741 0.186979 0.168519
4 0.644792 0.896759 0.156250 0.206481
4 0.709896 0.684259 0.103125 0.192593
17 0.840885 0.627778 0.093229 0.087037
17 0.793490 0.599537 0.079687 0.147222
17 0.722396 0.559722 0.080208 0.125000
17 0.581510 0.698148 0.078646 0.175926
17 0.357812 0.479167 0.056250 0.141667
17 0.195052 0.718519 0.081771 0.196296
17 0.375781 0.355556 0.041146 0.087037
17 0.151823 0.195833 0.026562 0.065741
4 0.048958 0.910185 0.093750 0.179630
4 0.240625 0.920370 0.160417 0.159259
15 0.426563 0.907407 0.159375 0.181481
8 0.466667 0.850463 0.157292 0.252778
8 0.471615 0.703241 0.136979 0.204630
8 0.440625 0.631481 0.115625 0.207407
19 0.311198 0.686111 0.134896 0.268519
8 0.304167 0.552778 0.110417 0.209259
6 0.289323 0.410185 0.076563 0.131481
0 0.665365 0.432870 0.084896 0.147222
19 0.566667 0.550000 0.097917 0.181481
19 0.511458 0.430093 0.083333 0.141667
3 0.494531 0.262500 0.074479 0.147222
3 0.559635 0.218519 0.073438 0.146296
3 0.481771 0.158796 0.065625 0.143519
19 0.384115 0.272685 0.046354 0.073148
19 0.321094 0.381019 0.061979 0.137963
19 0.326302 0.272685 0.042188 0.080556
19 0.303906 0.310185 0.055729 0.079630
18 0.407552 0.371759 0.072396 0.104630
10 0.420573 0.453241 0.089063 0.180556
10 0.274219 0.227778 0.043229 0.077778
15 0.228646 0.336574 0.054167 0.076852
19 0.194010 0.400463 0.065104 0.134259
4 0.219531 0.370370 0.057812 0.096296
4 0.179167 0.552315 0.070833 0.130556
4 0.175521 0.491667 0.085417 0.096296
4 0.176042 0.446759 0.084375 0.073148
10 0.076302 0.616204 0.120313 0.256481
4 0.066667 0.817130 0.132292 0.228704
19 0.859635 0.787037 0.141146 0.251852
4 0.759635 0.743519 0.083854 0.179630
15 0.660156 0.555093 0.070312 0.141667
19 0.340104 0.193981 0.032292 0.034259
8 0.403906 0.206944 0.038021 0.030556
3 0.389844 0.134722 0.047396 0.071296
3 0.314583 0.116667 0.042708 0.077778
19 0.303125 0.189815 0.037500 0.051852
4 0.355469 0.159722 0.026562 0.028704
3 0.441146 0.163889 0.019792 0.062963
9 0.065365 0.240278 0.020313 0.063889
9 0.058854 0.318519 0.051042 0.077778
4 0.178906 0.206481 0.041146 0.044444
8 0.216927 0.097222 0.019271 0.040741
17 0.185938 0.101389 0.016667 0.030556
3 0.396875 0.053704 0.032292 0.046296
3 0.358854 0.078241 0.033333 0.045370
3 0.369271 0.085648 0.036458 0.030556
3 0.403385 0.084722 0.031771 0.025000
3 0.305990 0.058333 0.026562 0.033333
