4 0.671806 0.955571 0.335431 0.088858
15 0.900881 0.629055 0.193203 0.296192
4 0.146633 0.744711 0.225299 0.318759
2 0.054751 0.547250 0.094399 0.214386
4 0.045312 0.346262 0.086847 0.167842
4 0.166772 0.232017 0.067967 0.125529
4 0.193518 0.135402 0.048458 0.090268
4 0.325362 0.246121 0.047829 0.117066
4 0.394273 0.260931 0.050975 0.141044
15 0.456576 0.262341 0.052234 0.143865
4 0.566079 0.313822 0.071114 0.139633
4 0.565135 0.167842 0.042794 0.087447
4 0.526432 0.242595 0.053493 0.115656
4 0.522026 0.181946 0.045941 0.095910
4 0.337004 0.186178 0.044682 0.087447
4 0.390183 0.191819 0.042794 0.090268
4 0.369100 0.082511 0.023285 0.052186
4 0.366583 0.052891 0.024544 0.035261
4 0.528949 0.087447 0.023285 0.056417
4 0.545626 0.131876 0.036501 0.074753
17 0.636249 0.184767 0.036501 0.095910
17 0.590308 0.119182 0.027690 0.038082
17 0.573946 0.102962 0.023914 0.050776
17 0.550661 0.087447 0.031466 0.045134
17 0.504405 0.153738 0.028320 0.084626
15 0.469163 0.210860 0.048458 0.108604
8 0.468219 0.151622 0.042794 0.088858
8 0.497168 0.087447 0.031466 0.078984
19 0.456576 0.118477 0.034613 0.095910
19 0.413782 0.139633 0.043424 0.110014
8 0.409062 0.081100 0.036501 0.077574
10 0.448710 0.050776 0.030208 0.087447
19 0.476715 0.037377 0.024544 0.063470
0 0.528634 0.040197 0.031466 0.063470
15 0.542480 0.057123 0.023914 0.029619
8 0.370044 0.019041 0.025173 0.035261
6 0.404342 0.027504 0.024544 0.052186
17 0.426998 0.051481 0.016992 0.052186
8 0.494651 0.027504 0.012587 0.032440
17 0.377281 0.154443 0.025802 0.083216
10 0.339836 0.112130 0.041536 0.108604
4 0.082127 0.478843 0.110132 0.170663
11 0.060415 0.114245 0.108244 0.174894
2 0.106986 0.159379 0.016362 0.090268
9 0.153870 0.114245 0.016992 0.076164
