10 0.571354 0.504167 0.052083 0.130556
4 0.509375 0.480093 0.036458 0.052778
4 0.398177 0.465278 0.039062 0.041667
17 0.305729 0.570833 0.043750 0.086111
17 0.333854 0.530093 0.036458 0.073148
17 0.246094 0.639815 0.071354 0.066667
17 0.889062 0.619444 0.054167 0.092593
17 0.857031 0.549074 0.052604 0.059259
17 0.873698 0.582870 0.058854 0.073148
17 0.830469 0.523611 0.036979 0.049074
17 0.833594 0.487037 0.034896 0.038889
17 0.814844 0.463426 0.027604 0.039815
17 0.801823 0.556944 0.048438 0.054630
17 0.780990 0.441667 0.024479 0.024074
9 0.705990 0.611111 0.028646 0.098148
9 0.738542 0.593056 0.020833 0.065741
9 0.755208 0.582407 0.018750 0.053704
9 0.771094 0.598611 0.031771 0.054630
9 0.971875 0.556019 0.036458 0.056481
9 0.498437 0.354167 0.006250 0.021296
17 0.502604 0.344444 0.008333 0.018519
17 0.519010 0.343981 0.007812 0.019444
4 0.530990 0.349074 0.011979 0.016667
4 0.551823 0.343981 0.011979 0.025000
4 0.414323 0.660648 0.071354 0.058333
4 0.927604 0.959259 0.135417 0.077778
4 0.817448 0.618056 0.086979 0.086111
4 0.764323 0.665741 0.082812 0.098148
4 0.963281 0.618056 0.070312 0.075000
4 0.961979 0.694444 0.075000 0.070370
19 0.817708 0.694444 0.095833 0.051852
4 0.704167 0.576852 0.063542 0.088889
4 0.909375 0.552778 0.078125 0.081481
4 0.792969 0.523611 0.054688 0.032407
8 0.747917 0.531944 0.060417 0.078704
4 0.680990 0.524537 0.051562 0.063889
3 0.685156 0.364352 0.035937 0.034259
3 0.661458 0.356944 0.010417 0.026852
3 0.635156 0.332407 0.025521 0.024074
15 0.715885 0.502778 0.042188 0.051852
4 0.755469 0.492130 0.042188 0.034259
15 0.732031 0.460648 0.044271 0.036111
17 0.675781 0.444444 0.021354 0.033333
17 0.742969 0.437500 0.024479 0.021296
15 0.709896 0.437963 0.031250 0.037037
4 0.661719 0.492130 0.041146 0.062037
4 0.644792 0.467130 0.031250 0.050926
19 0.635417 0.435185 0.036458 0.061111
10 0.672396 0.382870 0.029167 0.034259
8 0.613542 0.400000 0.020833 0.037037
10 0.619271 0.343519 0.015625 0.022222
15 0.597135 0.374074 0.010937 0.029630
15 0.714583 0.421296 0.025000 0.029630
15 0.679427 0.412963 0.023438 0.024074
4 0.659896 0.440741 0.012500 0.040741
19 0.626563 0.370370 0.018750 0.018519
4 0.590365 0.359259 0.013021 0.020370
10 0.586458 0.336574 0.016667 0.021296
3 0.601302 0.312500 0.011979 0.019444
17 0.541406 0.326852 0.008854 0.018519
17 0.529948 0.316204 0.007812 0.013889
4 0.544792 0.307870 0.006250 0.010185
4 0.559375 0.324074 0.009375 0.014815
