8 0.392708 0.830556 0.209375 0.212963
9 0.343490 0.946759 0.154688 0.106481
4 0.715104 0.872222 0.203125 0.224074
8 0.821615 0.883796 0.238021 0.232407
15 0.931771 0.709722 0.133333 0.182407
10 0.471615 0.677315 0.128646 0.149074
13 0.604427 0.568056 0.065104 0.108333
15 0.571615 0.451852 0.079687 0.075926
8 0.701302 0.454630 0.069271 0.059259
14 0.722396 0.525463 0.039583 0.056481
2 0.790104 0.600926 0.057292 0.094444
2 0.886458 0.600926 0.055208 0.098148
4 0.133073 0.599074 0.072396 0.105556
4 0.171354 0.547222 0.065625 0.085185
19 0.155208 0.496296 0.048958 0.085185
15 0.023698 0.586111 0.046354 0.112963
4 0.089063 0.555556 0.056250 0.087037
4 0.079167 0.508796 0.050000 0.060185
4 0.098958 0.463426 0.036458 0.049074
8 0.045833 0.434722 0.044792 0.063889
17 0.186198 0.491667 0.038021 0.070370
4 0.090104 0.552315 0.057292 0.080556
4 0.027604 0.537963 0.052083 0.072222
19 0.021875 0.406019 0.035417 0.050926
0 0.074740 0.399074 0.035937 0.053704
17 0.125521 0.442130 0.031250 0.037963
