10 0.807031 0.716667 0.156771 0.188889
15 0.679167 0.709722 0.066667 0.084259
19 0.613021 0.700463 0.065625 0.097222
9 0.560677 0.709259 0.025521 0.096296
4 0.506771 0.706944 0.046875 0.071296
3 0.539583 0.672222 0.031250 0.066667
4 0.424479 0.692593 0.044792 0.046296
17 0.351823 0.681944 0.041146 0.056481
9 0.378646 0.689352 0.035417 0.058333
17 0.452865 0.685185 0.016146 0.037037
17 0.470833 0.682870 0.012500 0.028704
4 0.484635 0.688889 0.016146 0.037037
17 0.282292 0.676852 0.054167 0.083333
9 0.952344 0.862963 0.090104 0.261111
3 0.666146 0.668981 0.056250 0.054630
3 0.809115 0.651389 0.165104 0.113889
3 0.916927 0.675000 0.050521 0.088889
3 0.975781 0.671759 0.043229 0.097222
3 0.093490 0.498148 0.183854 0.987037
