4 0.297135 0.888426 0.555729 0.223148
8 0.444531 0.780556 0.172396 0.225926
17 0.822656 0.773148 0.133854 0.174074
9 0.596875 0.740741 0.031250 0.101852
13 0.721615 0.735185 0.044271 0.094444
13 0.520833 0.749537 0.055208 0.123148
16 0.148177 0.750000 0.093229 0.111111
13 0.167187 0.793519 0.212500 0.170370
17 0.283594 0.734722 0.045312 0.089815
8 0.330208 0.721296 0.060417 0.087037
16 0.154688 0.752778 0.085417 0.133333
9 0.305729 0.740278 0.045833 0.091667
3 0.277604 0.675926 0.018750 0.024074
13 0.068229 0.743519 0.091667 0.142593
4 0.107812 0.700463 0.019792 0.030556
