13 0.267188 0.668056 0.253125 0.630556
3 0.064844 0.506944 0.126562 0.952778
13 0.553125 0.802778 0.378125 0.383333
13 0.655469 0.479167 0.167188 0.402778
10 0.424219 0.404167 0.257812 0.375000
3 0.281250 0.269444 0.137500 0.227778
3 0.165625 0.311111 0.118750 0.272222
4 0.928906 0.393056 0.142187 0.158333
3 0.460938 0.251389 0.081250 0.113889
13 0.563281 0.375000 0.085938 0.238889
13 0.513281 0.288889 0.026563 0.088889
13 0.617969 0.272222 0.023438 0.050000
13 0.858594 0.681944 0.276562 0.619444
