4 0.593585 0.457217 0.155423 0.082589
9 0.754630 0.449281 0.056878 0.073661
4 0.424107 0.442832 0.113426 0.062252
4 0.129134 0.425471 0.083664 0.051835
10 0.251157 0.407738 0.092262 0.087798
3 0.170800 0.380704 0.062500 0.038194
2 0.062004 0.424355 0.030754 0.063492
4 0.365410 0.433904 0.079365 0.051835
4 0.319775 0.419023 0.048280 0.037450
4 0.480820 0.435020 0.061508 0.050595
3 0.934358 0.408978 0.131283 0.045139
3 0.842923 0.407118 0.064153 0.035962
4 0.187665 0.416543 0.047288 0.037946
8 0.394676 0.403026 0.048611 0.018353
8 0.340278 0.402778 0.058201 0.017361
