17 0.090365 0.852315 0.129688 0.169444
17 0.808594 0.910185 0.141146 0.161111
11 0.134896 0.507407 0.090625 0.107407
15 0.056510 0.560648 0.053646 0.060185
13 0.546875 0.807870 0.094792 0.149074
13 0.445833 0.774074 0.093750 0.135185
13 0.295573 0.791204 0.105729 0.130556
13 0.150260 0.732407 0.099479 0.114815
13 0.244792 0.700463 0.089583 0.115741
13 0.355729 0.728704 0.161458 0.116667
13 0.681250 0.698611 0.066667 0.100926
13 0.902083 0.718519 0.055208 0.100000
13 0.936719 0.841667 0.051562 0.146296
4 0.363802 0.600000 0.043229 0.075926
4 0.423437 0.607407 0.047917 0.075926
15 0.473438 0.608333 0.043750 0.087037
4 0.561198 0.644444 0.054688 0.090741
15 0.599479 0.614815 0.053125 0.083333
19 0.590625 0.559722 0.035417 0.071296
4 0.533854 0.594907 0.040625 0.069444
17 0.517448 0.537500 0.021354 0.054630
8 0.485156 0.573148 0.038021 0.066667
19 0.442448 0.532407 0.034896 0.079630
4 0.373437 0.561574 0.039583 0.060185
10 0.378646 0.508796 0.034375 0.067593
6 0.437500 0.457407 0.018750 0.042593
8 0.478125 0.517130 0.028125 0.065741
8 0.486198 0.537500 0.036979 0.056481
4 0.528646 0.558333 0.035417 0.048148
4 0.551302 0.529167 0.028646 0.047222
19 0.513802 0.496296 0.029687 0.053704
10 0.472396 0.472222 0.021875 0.059259
19 0.443490 0.531019 0.034896 0.076852
8 0.440885 0.485648 0.028646 0.039815
19 0.497656 0.461111 0.022396 0.038889
0 0.538802 0.463426 0.024479 0.037963
17 0.573958 0.507407 0.019792 0.037037
17 0.588021 0.516667 0.025000 0.024074
17 0.554688 0.497685 0.021875 0.030556
19 0.538021 0.496759 0.019792 0.037963
3 0.493490 0.412500 0.020313 0.037963
3 0.511198 0.405556 0.018229 0.037037
3 0.490365 0.381481 0.015104 0.027778
3 0.465104 0.382407 0.013542 0.022222
4 0.406510 0.491204 0.019271 0.034259
4 0.405469 0.469907 0.017188 0.015741
4 0.405990 0.460185 0.020313 0.012963
8 0.410156 0.450000 0.020313 0.033333
8 0.441146 0.427315 0.015625 0.021296
19 0.429427 0.415278 0.013021 0.015741
10 0.434375 0.404167 0.012500 0.017593
19 0.447396 0.413889 0.011458 0.016667
19 0.463802 0.418519 0.011979 0.018519
18 0.469010 0.436574 0.019271 0.012037
8 0.421094 0.433796 0.016146 0.019444
15 0.383854 0.412963 0.011458 0.016667
13 0.313021 0.430556 0.012500 0.029630
