8 0.271615 0.879630 0.216146 0.231481
9 0.400781 0.909259 0.064062 0.170370
4 0.478385 0.736111 0.121354 0.161111
4 0.574740 0.836111 0.132812 0.201852
8 0.609375 0.678704 0.100000 0.162963
15 0.587500 0.611574 0.096875 0.115741
17 0.750000 0.791667 0.058333 0.170370
13 0.660937 0.888426 0.069792 0.223148
17 0.670312 0.571759 0.045833 0.100926
17 0.727865 0.543519 0.035937 0.074074
10 0.703125 0.518981 0.050000 0.073148
18 0.790885 0.500926 0.064062 0.144444
18 0.743750 0.638889 0.103125 0.131481
13 0.704688 0.711574 0.044792 0.137963
13 0.809115 0.663426 0.035937 0.147222
14 0.187240 0.751389 0.068229 0.112037
13 0.158073 0.656944 0.088021 0.108333
15 0.124219 0.541204 0.090104 0.084259
14 0.285417 0.590278 0.037500 0.049074
4 0.748958 0.489352 0.031250 0.071296
4 0.777083 0.568519 0.058333 0.059259
4 0.827604 0.437500 0.031250 0.039815
4 0.845313 0.417593 0.022917 0.033333
4 0.849219 0.523148 0.034896 0.064815
4 0.669792 0.425926 0.045833 0.040741
8 0.267969 0.522685 0.072396 0.065741
