17 0.371875 0.895833 0.156250 0.200926
17 0.502344 0.598148 0.100521 0.125926
17 0.203646 0.334259 0.018750 0.046296
17 0.441667 0.370370 0.025000 0.053704
17 0.511719 0.344907 0.023438 0.021296
17 0.497917 0.337963 0.018750 0.037037
17 0.374740 0.306481 0.013021 0.035185
17 0.478646 0.325000 0.021875 0.025926
17 0.330990 0.376852 0.022396 0.053704
4 0.138542 0.695833 0.205208 0.162037
10 0.654427 0.622685 0.181771 0.145370
15 0.669792 0.879630 0.265625 0.190741
4 0.417708 0.754167 0.202083 0.158333
13 0.468229 0.861574 0.107292 0.237963
13 0.602865 0.521759 0.068229 0.110185
13 0.207812 0.609722 0.047917 0.123148
13 0.029948 0.607870 0.054688 0.108333
13 0.949479 0.639352 0.079167 0.115741
13 0.957292 0.544907 0.060417 0.056481
10 0.296094 0.350000 0.035937 0.070370
12 0.040625 0.364815 0.080208 0.116667
15 0.960156 0.398148 0.074479 0.103704
4 0.282031 0.442593 0.047396 0.074074
4 0.346615 0.449537 0.046354 0.082407
15 0.400000 0.445370 0.042708 0.088889
4 0.490885 0.473611 0.056771 0.082407
15 0.528125 0.442130 0.050000 0.080556
19 0.516667 0.394907 0.035417 0.082407
4 0.459635 0.429630 0.041146 0.070370
6 0.354427 0.285648 0.019271 0.030556
10 0.392969 0.306481 0.024479 0.064815
19 0.365104 0.367593 0.034375 0.075926
8 0.251302 0.277315 0.024479 0.039815
9 0.283073 0.250463 0.006771 0.019444
9 0.302865 0.231481 0.004687 0.016667
15 0.436979 0.330556 0.029167 0.057407
8 0.410938 0.371759 0.034375 0.058333
8 0.400781 0.352315 0.028646 0.063889
4 0.292969 0.404630 0.044271 0.059259
4 0.454687 0.393981 0.038542 0.056481
4 0.489323 0.379167 0.021354 0.045370
4 0.476823 0.360185 0.030729 0.048148
0 0.461198 0.288426 0.023438 0.036111
8 0.460677 0.327315 0.018229 0.039815
19 0.418229 0.293056 0.020833 0.041667
15 0.360156 0.325926 0.027604 0.050000
4 0.323177 0.329630 0.023438 0.035185
4 0.319010 0.306944 0.023438 0.017593
8 0.323698 0.285185 0.025521 0.035185
4 0.321354 0.295370 0.021875 0.011111
19 0.363802 0.276852 0.019271 0.033333
19 0.357812 0.259259 0.015625 0.024074
3 0.411979 0.239352 0.021875 0.045370
3 0.431510 0.227778 0.016146 0.025926
19 0.433073 0.253241 0.013021 0.023148
7 0.380469 0.247685 0.011979 0.015741
19 0.345052 0.249537 0.015104 0.023148
4 0.116927 0.557870 0.084896 0.132407
4 0.920833 0.929167 0.151042 0.134259
9 0.587240 0.958333 0.077604 0.075926
