4 0.140885 0.825000 0.277604 0.335185
7 0.761198 0.721296 0.195312 0.274074
9 0.271615 0.703241 0.039062 0.154630
4 0.110156 0.673611 0.145313 0.086111
13 0.474479 0.690278 0.084375 0.117593
13 0.316667 0.650926 0.021875 0.048148
8 0.418750 0.641204 0.018750 0.032407
3 0.446354 0.636111 0.038542 0.062963
13 0.392969 0.648611 0.016146 0.047222
4 0.588542 0.697222 0.055208 0.085185
16 0.631250 0.689352 0.040625 0.073148
13 0.506771 0.658333 0.019792 0.062963
13 0.540104 0.676389 0.031250 0.080556
4 0.547656 0.668981 0.027604 0.054630
8 0.586198 0.659259 0.035937 0.040741
4 0.952083 0.777778 0.092708 0.137037
17 0.863802 0.717593 0.045312 0.090741
