13 0.029687 0.802315 0.051042 0.126852
13 0.120833 0.767593 0.041667 0.105556
13 0.775260 0.729167 0.021354 0.052778
13 0.741406 0.725000 0.040104 0.061111
13 0.829427 0.722685 0.025521 0.054630
4 0.675000 0.803241 0.134375 0.139815
4 0.564844 0.776389 0.107812 0.099074
4 0.660417 0.757407 0.128125 0.083333
4 0.400521 0.754630 0.073958 0.072222
9 0.226042 0.731944 0.017708 0.050926
4 0.040885 0.747685 0.043229 0.050926
3 0.012500 0.707870 0.021875 0.037963
13 0.169271 0.722685 0.010417 0.039815
4 0.876563 0.745833 0.061458 0.076852
13 0.965365 0.752315 0.065104 0.117593
