17 0.085156 0.681481 0.164062 0.625926
3 0.099479 0.406481 0.194792 0.261111
17 0.355990 0.447685 0.131771 0.184259
4 0.271615 0.450926 0.073438 0.118519
17 0.589063 0.379630 0.029167 0.112963
9 0.696354 0.360185 0.037500 0.111111
8 0.652083 0.342130 0.065625 0.075000
9 0.754427 0.330556 0.020313 0.074074
13 0.832552 0.350000 0.061979 0.162963
13 0.890104 0.338889 0.046875 0.185185
13 0.948698 0.331944 0.100521 0.189815
9 0.257031 0.418519 0.027604 0.051852
3 0.610156 0.329630 0.059896 0.057407
8 0.883594 0.719444 0.222396 0.548148
