13 0.285938 0.627778 0.425000 0.733333
13 0.660938 0.608333 0.246875 0.766667
13 0.887500 0.626389 0.212500 0.736111
3 0.814844 0.272222 0.148438 0.283333
3 0.600781 0.188889 0.157813 0.155556
3 0.727344 0.222222 0.029688 0.111111
13 0.580469 0.440278 0.073438 0.363889
13 0.464063 0.451389 0.118750 0.408333
13 0.525781 0.387500 0.057813 0.286111
3 0.965625 0.218056 0.062500 0.141667
13 0.140625 0.344444 0.084375 0.166667
13 0.890625 0.630556 0.215625 0.722222
13 0.031250 0.366667 0.056250 0.222222
