17 0.075521 0.650926 0.061458 0.107407
4 0.029167 0.565278 0.056250 0.045370
11 0.106250 0.508333 0.097917 0.112963
13 0.445573 0.715741 0.092188 0.129630
13 0.599740 0.796296 0.106771 0.151852
13 0.609896 0.747222 0.092708 0.107407
13 0.478646 0.643981 0.070833 0.104630
13 0.567187 0.677315 0.158333 0.104630
13 0.805208 0.781019 0.115625 0.141667
13 0.858073 0.744907 0.103646 0.139815
13 0.798177 0.615278 0.079687 0.099074
13 0.872656 0.621759 0.040104 0.089815
13 0.902344 0.671296 0.042188 0.112963
4 0.342187 0.575926 0.046875 0.075926
4 0.401042 0.576389 0.043750 0.076852
4 0.510677 0.549074 0.042188 0.068519
4 0.542188 0.597222 0.058333 0.085185
15 0.578385 0.563889 0.056771 0.079630
15 0.453125 0.568981 0.045833 0.082407
15 0.464062 0.536111 0.042708 0.066667
15 0.398438 0.532407 0.042708 0.053704
17 0.387240 0.509722 0.019271 0.060185
19 0.419531 0.496759 0.035937 0.073148
8 0.464323 0.503704 0.039062 0.066667
10 0.447135 0.431944 0.022396 0.050926
8 0.416406 0.456019 0.030729 0.047222
4 0.527865 0.485648 0.029687 0.045370
17 0.493750 0.491667 0.019792 0.042593
17 0.550000 0.459722 0.017708 0.032407
17 0.561979 0.468981 0.021875 0.025000
17 0.529687 0.452315 0.022917 0.026852
17 0.430208 0.436574 0.014583 0.032407
3 0.466146 0.375463 0.022917 0.041667
3 0.484375 0.367130 0.017708 0.036111
3 0.462500 0.346296 0.018750 0.031481
6 0.410938 0.420370 0.016667 0.029630
4 0.350781 0.537037 0.041146 0.061111
10 0.354948 0.483796 0.034896 0.073148
10 0.406771 0.371759 0.011458 0.017593
8 0.381771 0.422685 0.017708 0.032407
4 0.382031 0.462037 0.020313 0.033333
8 0.415365 0.395370 0.015104 0.020370
18 0.443490 0.402778 0.019271 0.011111
0 0.512500 0.418056 0.027083 0.032407
4 0.544271 0.500926 0.029167 0.044444
19 0.489323 0.460185 0.028646 0.057407
19 0.471615 0.423611 0.023438 0.043519
19 0.454427 0.481481 0.029687 0.068519
19 0.485677 0.416667 0.014063 0.022222
19 0.420573 0.381481 0.010937 0.016667
19 0.436719 0.381944 0.013021 0.017593
13 0.318490 0.392130 0.009896 0.026852
4 0.372135 0.366667 0.009896 0.014815
3 0.436198 0.346759 0.011979 0.021296
3 0.415625 0.343519 0.010417 0.020370
8 0.439323 0.364352 0.009896 0.015741
