13 0.836719 0.748611 0.317188 0.480556
17 0.332813 0.552778 0.268750 0.372222
13 0.446094 0.701389 0.245313 0.591667
13 0.727344 0.650000 0.204688 0.555556
13 0.576562 0.573611 0.153125 0.452778
6 0.914844 0.359722 0.132812 0.197222
13 0.106250 0.556944 0.181250 0.269444
13 0.782813 0.408333 0.106250 0.144444
3 0.876563 0.272222 0.150000 0.122222
3 0.619531 0.275000 0.048438 0.077778
13 0.690625 0.341667 0.046875 0.083333
10 0.279688 0.350000 0.056250 0.088889
6 0.558594 0.304167 0.035938 0.063889
10 0.101562 0.369444 0.125000 0.116667
13 0.251563 0.393056 0.059375 0.097222
