0 0.767448 0.559259 0.131771 0.166667
19 0.731510 0.799537 0.148438 0.313889
4 0.629427 0.923611 0.115104 0.141667
9 0.410417 0.792130 0.057292 0.165741
19 0.510938 0.796759 0.101042 0.300926
19 0.308333 0.881019 0.146875 0.234259
8 0.494010 0.363889 0.026562 0.050000
19 0.460938 0.461111 0.038542 0.087037
19 0.467708 0.329167 0.019792 0.039815
17 0.609635 0.743519 0.067187 0.175926
17 0.670833 0.599074 0.057292 0.109259
17 0.578646 0.581481 0.042708 0.116667
17 0.555469 0.465278 0.027604 0.073148
4 0.601302 0.511574 0.049479 0.087963
4 0.645833 0.475463 0.046875 0.073148
4 0.582812 0.400463 0.032292 0.050926
4 0.586198 0.444907 0.036979 0.062037
4 0.534635 0.411111 0.033854 0.046296
4 0.496875 0.419444 0.030208 0.050000
15 0.441146 0.435185 0.035417 0.064815
4 0.427083 0.525463 0.053125 0.093519
4 0.391667 0.655093 0.076042 0.145370
4 0.210156 0.659722 0.102604 0.123148
4 0.169271 0.616667 0.088542 0.109259
4 0.238281 0.519907 0.072396 0.075000
4 0.223437 0.489815 0.062500 0.074074
4 0.277604 0.428704 0.048958 0.053704
4 0.479427 0.393981 0.026562 0.047222
4 0.571875 0.348611 0.018750 0.028704
17 0.501563 0.443056 0.026042 0.047222
17 0.530729 0.440741 0.023958 0.051852
17 0.522135 0.359259 0.016146 0.042593
17 0.548177 0.368056 0.020313 0.041667
17 0.541927 0.353241 0.016146 0.037963
17 0.513021 0.333796 0.013542 0.032407
17 0.467708 0.346296 0.014583 0.033333
17 0.530208 0.339352 0.012500 0.034259
17 0.494271 0.334259 0.016667 0.014815
17 0.516667 0.349537 0.014583 0.034259
17 0.285156 0.451852 0.031771 0.062963
17 0.318750 0.423611 0.029167 0.052778
17 0.360156 0.420833 0.023438 0.054630
17 0.146875 0.515278 0.057292 0.073148
9 0.192188 0.909722 0.079167 0.175000
11 0.203125 0.419907 0.085417 0.108333
4 0.338542 0.459259 0.046875 0.059259
15 0.291927 0.525926 0.066146 0.077778
4 0.080729 0.884722 0.157292 0.219444
4 0.066667 0.635185 0.111458 0.116667
4 0.324479 0.384722 0.019792 0.026852
4 0.368750 0.367593 0.028125 0.033333
4 0.377604 0.391204 0.026042 0.037963
4 0.392188 0.350000 0.022917 0.027778
3 0.412760 0.311574 0.033854 0.049074
17 0.383594 0.331944 0.015104 0.028704
8 0.345833 0.358333 0.029167 0.042593
9 0.315625 0.348611 0.014583 0.032407
4 0.456510 0.282407 0.010937 0.018519
9 0.442708 0.287037 0.006250 0.012963
4 0.466927 0.274074 0.008854 0.011111
10 0.486719 0.295370 0.013021 0.024074
19 0.487500 0.320833 0.016667 0.030556
4 0.502344 0.312963 0.014063 0.024074
19 0.527344 0.298611 0.010937 0.021296
3 0.545052 0.306944 0.022396 0.060185
3 0.566667 0.283796 0.019792 0.049074
3 0.545052 0.261574 0.018229 0.030556
15 0.132292 0.475000 0.048958 0.070370
15 0.611198 0.372685 0.027604 0.047222
4 0.599479 0.355093 0.021875 0.036111
4 0.574740 0.332407 0.021354 0.027778
4 0.583594 0.322685 0.022396 0.021296
19 0.569271 0.303704 0.013542 0.025926
13 0.860938 0.549074 0.059375 0.112963
13 0.917187 0.554167 0.039583 0.106481
9 0.671615 0.512963 0.025521 0.062963
9 0.702344 0.522685 0.021354 0.087963
4 0.955469 0.673148 0.089063 0.112963
18 0.507292 0.519907 0.055208 0.119444
8 0.506250 0.282407 0.010417 0.011111
8 0.520573 0.281944 0.009896 0.015741
3 0.519792 0.262037 0.012500 0.020370
3 0.498437 0.258796 0.010417 0.021296
8 0.495052 0.281019 0.009896 0.013889
4 0.955729 0.677778 0.087500 0.118519
