13 0.506250 0.872222 0.126042 0.194444
13 0.312240 0.875000 0.132812 0.177778
13 0.166927 0.900926 0.146354 0.179630
13 0.151823 0.813426 0.121354 0.156481
13 0.070833 0.771759 0.069792 0.160185
4 0.242969 0.737037 0.142187 0.146296
4 0.094271 0.703704 0.114583 0.111111
4 0.138021 0.662037 0.102083 0.100000
4 0.101042 0.568519 0.075000 0.077778
4 0.233594 0.429630 0.033854 0.040741
13 0.116667 0.465741 0.022917 0.057407
11 0.053125 0.462500 0.097917 0.110185
4 0.299219 0.542593 0.045312 0.079630
4 0.361198 0.548148 0.045312 0.081481
9 0.172917 0.409259 0.016667 0.037037
13 0.862500 0.677778 0.048958 0.107407
13 0.847135 0.609259 0.067187 0.101852
15 0.414323 0.540278 0.044271 0.095370
4 0.504167 0.566667 0.055208 0.092593
15 0.544271 0.533333 0.054167 0.083333
19 0.532031 0.483333 0.036979 0.072222
4 0.475521 0.522685 0.040625 0.069444
4 0.469531 0.486111 0.038021 0.048148
4 0.492969 0.456019 0.027604 0.050926
15 0.427344 0.503241 0.041146 0.062037
19 0.381250 0.462037 0.032292 0.075926
17 0.514323 0.430556 0.018229 0.035185
8 0.418490 0.446759 0.032813 0.063889
17 0.457031 0.462963 0.021354 0.050000
8 0.452083 0.425926 0.029167 0.064815
10 0.409896 0.400463 0.021875 0.060185
8 0.377604 0.416204 0.031250 0.037963
6 0.373177 0.384259 0.018229 0.035185
17 0.392708 0.398611 0.012500 0.026852
19 0.435417 0.387500 0.017708 0.037963
8 0.450781 0.380556 0.010937 0.020370
4 0.477083 0.419444 0.017708 0.038889
17 0.495052 0.420370 0.021354 0.031481
17 0.526042 0.437500 0.022917 0.021296
0 0.478646 0.384259 0.022917 0.033333
4 0.311198 0.501389 0.040104 0.062037
10 0.314323 0.447222 0.036979 0.075926
17 0.347656 0.473611 0.023438 0.054630
4 0.340365 0.425000 0.020313 0.035185
8 0.343229 0.382407 0.026042 0.035185
