4 0.214323 0.857407 0.100521 0.170370
4 0.349740 0.872222 0.089063 0.175926
15 0.469271 0.867593 0.098958 0.192593
4 0.672656 0.924537 0.123437 0.143519
15 0.764844 0.875926 0.128646 0.183333
19 0.742969 0.762037 0.084896 0.174074
4 0.679167 0.728704 0.057292 0.103704
4 0.649219 0.687963 0.069271 0.109259
17 0.567708 0.702315 0.046875 0.112037
8 0.497656 0.701389 0.076563 0.121296
19 0.396615 0.695370 0.082812 0.179630
17 0.324219 0.706944 0.055729 0.125000
8 0.391146 0.600000 0.072917 0.112963
4 0.607812 0.838889 0.102083 0.162963
4 0.238281 0.773611 0.091146 0.147222
10 0.250781 0.651852 0.076563 0.168519
15 0.312760 0.603241 0.046354 0.082407
4 0.307292 0.555093 0.048958 0.037963
19 0.319792 0.505093 0.042708 0.076852
6 0.384635 0.511574 0.043229 0.078704
10 0.465104 0.549074 0.054167 0.135185
19 0.520573 0.524074 0.048438 0.083333
3 0.513542 0.419444 0.053125 0.105556
3 0.504427 0.350463 0.041146 0.071296
3 0.552865 0.400463 0.044271 0.091667
3 0.446875 0.343981 0.028125 0.047222
3 0.400781 0.331019 0.025521 0.045370
10 0.376823 0.400000 0.027604 0.042593
8 0.392969 0.451852 0.035937 0.046296
8 0.444792 0.434259 0.030208 0.051852
8 0.449219 0.388889 0.021354 0.040741
19 0.408333 0.427315 0.028125 0.049074
18 0.456771 0.488889 0.045833 0.062963
19 0.559896 0.616667 0.066667 0.125926
10 0.573958 0.655556 0.057292 0.090741
8 0.476302 0.662037 0.066146 0.146296
15 0.173958 0.501852 0.050000 0.066667
15 0.203125 0.457870 0.040625 0.041667
9 0.280729 0.379167 0.012500 0.043519
4 0.305469 0.391204 0.023438 0.030556
4 0.333594 0.356944 0.019271 0.021296
3 0.450781 0.291667 0.019271 0.027778
0 0.620833 0.524537 0.056250 0.078704
8 0.646875 0.558333 0.043750 0.050000
17 0.730208 0.649537 0.052083 0.037963
17 0.702865 0.625926 0.044271 0.070370
17 0.656771 0.606944 0.056250 0.062037
4 0.597396 0.762037 0.084375 0.120370
15 0.497917 0.792593 0.090625 0.161111
