10 0.373177 0.298148 0.033854 0.088889
4 0.299219 0.331944 0.028646 0.043519
17 0.104427 0.494444 0.064062 0.096296
4 0.188802 0.368056 0.045312 0.043519
3 0.053125 0.893981 0.100000 0.200926
17 0.117188 0.431944 0.046875 0.039815
17 0.735677 0.646296 0.082812 0.159259
17 0.683073 0.470370 0.052604 0.094444
17 0.666667 0.437963 0.046875 0.077778
17 0.629948 0.340278 0.030729 0.030556
17 0.665885 0.343519 0.030729 0.040741
17 0.629167 0.379630 0.032292 0.046296
8 0.641927 0.648148 0.134896 0.238889
8 0.555469 0.402315 0.055729 0.073148
15 0.538802 0.331019 0.039062 0.037963
4 0.571875 0.552778 0.077083 0.129630
9 0.519010 0.487500 0.026562 0.102778
4 0.744010 0.875926 0.151562 0.240741
4 0.784375 0.750463 0.071875 0.156481
4 0.771094 0.566204 0.099479 0.143519
4 0.666667 0.562500 0.091667 0.113889
4 0.755729 0.459259 0.066667 0.085185
15 0.794010 0.500926 0.052604 0.085185
15 0.798698 0.421759 0.043229 0.062037
4 0.697656 0.405556 0.068229 0.075926
4 0.515365 0.451852 0.057812 0.090741
4 0.491406 0.404630 0.049479 0.070370
4 0.475260 0.372685 0.034896 0.065741
15 0.538542 0.332870 0.038542 0.039815
15 0.590365 0.347222 0.043229 0.050000
17 0.592448 0.317130 0.025521 0.028704
17 0.629687 0.319907 0.023958 0.013889
17 0.549479 0.306481 0.022917 0.020370
15 0.516927 0.310648 0.031771 0.034259
17 0.486198 0.322685 0.021354 0.037963
19 0.447396 0.315741 0.032292 0.062963
3 0.500260 0.248148 0.044271 0.048148
15 0.521354 0.292130 0.025000 0.026852
10 0.481510 0.257407 0.027604 0.033333
4 0.347917 0.261574 0.018750 0.028704
8 0.425000 0.279167 0.021875 0.041667
19 0.436458 0.254167 0.018750 0.032407
4 0.474219 0.315278 0.022396 0.034259
4 0.500000 0.348148 0.036458 0.046296
4 0.523958 0.370370 0.036458 0.050000
4 0.560937 0.362500 0.045833 0.037963
4 0.578125 0.304167 0.029167 0.021296
3 0.444271 0.211574 0.025000 0.030556
17 0.027865 0.599074 0.053646 0.087037
8 0.923698 0.510648 0.134896 0.145370
8 0.905208 0.684722 0.186458 0.243519
15 0.870052 0.825926 0.228646 0.300000
9 0.309896 0.219444 0.007292 0.018519
17 0.319010 0.209259 0.007812 0.016667
17 0.331510 0.207870 0.006771 0.015741
