13 0.326563 0.612500 0.334375 0.730556
13 0.691406 0.441667 0.201563 0.538889
3 0.139063 0.422222 0.275000 0.838889
13 0.575000 0.268056 0.106250 0.319444
10 0.453906 0.193056 0.148438 0.258333
3 0.271094 0.104167 0.151563 0.202778
3 0.365625 0.076389 0.137500 0.119444
3 0.521094 0.116667 0.110938 0.166667
13 0.634375 0.170833 0.059375 0.097222
18 0.836719 0.186111 0.229688 0.305556
9 0.940625 0.290278 0.112500 0.225000
8 0.678906 0.140278 0.070312 0.091667
3 0.615625 0.095833 0.050000 0.091667
13 0.264063 0.176389 0.087500 0.147222
