19 0.213281 0.836574 0.114062 0.300926
4 0.440625 0.830556 0.198958 0.183333
4 0.767969 0.727315 0.181771 0.132407
4 0.705208 0.936574 0.266667 0.115741
11 0.112500 0.428704 0.095833 0.111111
13 0.157812 0.680093 0.096875 0.132407
13 0.225521 0.647222 0.085417 0.122222
13 0.266927 0.627778 0.086979 0.109259
13 0.137240 0.571759 0.042188 0.104630
13 0.874219 0.612500 0.085938 0.113889
13 0.301042 0.779630 0.065625 0.142593
17 0.080729 0.574537 0.057292 0.113889
4 0.030208 0.482870 0.052083 0.050926
15 0.587760 0.522222 0.054688 0.083333
19 0.576562 0.470833 0.034375 0.075000
4 0.549219 0.553704 0.054688 0.081481
15 0.460677 0.520833 0.044271 0.084259
4 0.401823 0.527315 0.048438 0.082407
4 0.347135 0.516667 0.045312 0.081481
4 0.358594 0.477315 0.040104 0.060185
4 0.404687 0.475000 0.036458 0.051852
10 0.363021 0.423611 0.034375 0.067593
17 0.395833 0.452778 0.022917 0.055556
19 0.427083 0.443519 0.036458 0.079630
6 0.421094 0.363426 0.019271 0.032407
8 0.423958 0.400926 0.032292 0.048148
15 0.471615 0.488889 0.041146 0.072222
4 0.519010 0.506019 0.042188 0.071296
4 0.537240 0.440741 0.029687 0.051852
4 0.515365 0.469907 0.034896 0.049074
8 0.471875 0.447222 0.036458 0.057407
19 0.463281 0.429167 0.029687 0.063889
17 0.571875 0.425926 0.020833 0.020370
17 0.540625 0.403704 0.022917 0.025926
17 0.560156 0.415278 0.019271 0.036111
19 0.482292 0.370833 0.020833 0.036111
10 0.458073 0.378241 0.023438 0.050926
19 0.498437 0.410185 0.026042 0.057407
17 0.501823 0.447685 0.021354 0.049074
0 0.523698 0.369444 0.024479 0.033333
3 0.477604 0.322685 0.021875 0.045370
3 0.494531 0.311574 0.018229 0.037963
19 0.429427 0.357870 0.017188 0.036111
4 0.243490 0.381481 0.027604 0.040741
8 0.301823 0.353704 0.026562 0.033333
17 0.355469 0.333796 0.011979 0.026852
8 0.385937 0.300463 0.009375 0.021296
4 0.389323 0.406944 0.020313 0.037963
4 0.388802 0.384722 0.020313 0.017593
8 0.391406 0.359722 0.022396 0.028704
8 0.424219 0.339352 0.015104 0.023148
19 0.412240 0.327315 0.014063 0.019444
4 0.404427 0.346296 0.016146 0.020370
17 0.439583 0.382870 0.012500 0.032407
4 0.454427 0.322222 0.009896 0.012963
19 0.429948 0.326389 0.010937 0.019444
18 0.453646 0.350463 0.020833 0.013889
10 0.416667 0.312500 0.011458 0.017593
