4 0.892188 0.682639 0.100000 0.115278
4 0.956250 0.653472 0.064063 0.070833
4 0.528906 0.686806 0.103125 0.068056
13 0.858203 0.629167 0.019531 0.038889
13 0.824609 0.636111 0.028906 0.058333
13 0.678906 0.661111 0.062500 0.080556
13 0.752734 0.631250 0.017969 0.034722
13 0.134766 0.746528 0.052344 0.120833
13 0.036328 0.680556 0.016406 0.038889
4 0.300391 0.672222 0.036719 0.041667
3 0.069531 0.670833 0.054688 0.088889
3 0.164844 0.646528 0.053125 0.081944
3 0.939844 0.603472 0.120313 0.084722
16 0.219922 0.691667 0.050781 0.055556
