4 0.898047 0.720833 0.202344 0.558333
4 0.267188 0.445833 0.067187 0.108333
13 0.950000 0.336111 0.100000 0.200000
13 0.887891 0.334722 0.050781 0.166667
13 0.829688 0.345139 0.059375 0.162500
9 0.695703 0.376389 0.032031 0.072222
9 0.755078 0.343750 0.017969 0.045833
8 0.653125 0.342361 0.064063 0.076389
17 0.080078 0.683333 0.158594 0.627778
17 0.355078 0.443750 0.127344 0.181944
17 0.587891 0.381250 0.024219 0.106944
3 0.097656 0.403472 0.193750 0.259722
3 0.607422 0.329167 0.064844 0.050000
