19 0.263466 0.506250 0.035129 0.054167
17 0.929742 0.693750 0.140515 0.212500
17 0.696136 0.611458 0.092506 0.127083
4 0.816745 0.653125 0.090164 0.110417
8 0.792740 0.587500 0.065574 0.050000
8 0.589578 0.581250 0.104215 0.108333
4 0.509368 0.562500 0.056206 0.066667
3 0.644614 0.540625 0.118267 0.072917
4 0.346604 0.535417 0.051522 0.066667
18 0.303279 0.486458 0.032787 0.052083
9 0.079040 0.565625 0.033958 0.077083
9 0.182670 0.560417 0.032787 0.091667
9 0.231850 0.532292 0.016393 0.060417
9 0.290984 0.535417 0.015222 0.045833
17 0.459016 0.545833 0.028103 0.070833
