9 0.580469 0.823611 0.176563 0.352778
9 0.775000 0.831944 0.159375 0.336111
9 0.403125 0.819444 0.071875 0.188889
13 0.044531 0.758333 0.085938 0.405556
17 0.144531 0.579167 0.101562 0.141667
4 0.216406 0.558333 0.064063 0.088889
4 0.266406 0.547222 0.054688 0.061111
17 0.932813 0.812500 0.134375 0.375000
17 0.751563 0.644444 0.168750 0.283333
17 0.859375 0.627778 0.109375 0.238889
3 0.957031 0.483333 0.085938 0.305556
4 0.549219 0.668056 0.170313 0.230556
4 0.459375 0.559722 0.056250 0.080556
10 0.631250 0.579167 0.093750 0.152778
10 0.777344 0.490278 0.145313 0.058333
3 0.628125 0.465278 0.143750 0.113889
3 0.806250 0.445833 0.212500 0.113889
