4 0.367681 0.805208 0.587822 0.389583
4 0.813232 0.768750 0.221311 0.358333
4 0.720141 0.664583 0.145199 0.191667
4 0.300351 0.665625 0.322014 0.202083
4 0.501756 0.597917 0.160422 0.091667
4 0.415691 0.541667 0.060890 0.037500
4 0.900468 0.609375 0.067916 0.093750
15 0.816159 0.568750 0.074941 0.058333
15 0.601874 0.558333 0.093677 0.058333
17 0.637588 0.606250 0.104215 0.120833
3 0.879977 0.533333 0.031616 0.041667
9 0.970141 0.812500 0.057377 0.212500
17 0.039227 0.659375 0.076112 0.285417
10 0.170375 0.519792 0.338407 0.264583
