18 0.891686 0.669792 0.066745 0.127083
4 0.973653 0.707292 0.029274 0.043750
2 0.827283 0.721875 0.059719 0.068750
17 0.552108 0.707292 0.204918 0.239583
17 0.040398 0.770833 0.078454 0.429167
9 0.473653 0.632292 0.019906 0.039583
9 0.432670 0.625000 0.017564 0.041667
9 0.453162 0.630208 0.021077 0.039583
4 0.390515 0.611458 0.059719 0.060417
15 0.346604 0.598958 0.049180 0.068750
4 0.234192 0.705208 0.285714 0.268750
4 0.036885 0.602083 0.036300 0.083333
15 0.095433 0.569792 0.036300 0.064583
9 0.102459 0.626042 0.022248 0.060417
15 0.052108 0.560417 0.022248 0.041667
