4 0.087500 0.827778 0.171875 0.283333
4 0.636719 0.708333 0.204688 0.277778
15 0.749219 0.601389 0.210938 0.213889
4 0.619531 0.466667 0.060938 0.094444
4 0.435938 0.491667 0.071875 0.105556
4 0.966406 0.561111 0.067187 0.122222
4 0.832813 0.420833 0.050000 0.058333
4 0.699219 0.405556 0.039062 0.044444
8 0.764063 0.425000 0.090625 0.083333
17 0.871094 0.540278 0.107813 0.169444
17 0.873438 0.443056 0.068750 0.041667
17 0.585938 0.494444 0.068750 0.138889
17 0.525781 0.456944 0.051563 0.108333
17 0.275781 0.490278 0.060938 0.125000
17 0.407031 0.394444 0.023438 0.055556
2 0.221875 0.686111 0.087500 0.166667
13 0.321094 0.552778 0.060938 0.183333
3 0.506250 0.379167 0.078125 0.147222
3 0.435156 0.356944 0.048438 0.086111
13 0.231250 0.551389 0.093750 0.130556
