8 0.722482 0.772917 0.555035 0.450000
9 0.300937 0.820833 0.103044 0.254167
9 0.040984 0.846875 0.079625 0.302083
9 0.182670 0.841667 0.058548 0.166667
4 0.487119 0.686458 0.154567 0.139583
4 0.197307 0.665625 0.097190 0.139583
4 0.267564 0.637500 0.069087 0.091667
4 0.322014 0.631250 0.056206 0.070833
4 0.339578 0.601042 0.042155 0.035417
4 0.387002 0.592708 0.031616 0.031250
4 0.173888 0.605208 0.048009 0.047917
3 0.169204 0.555208 0.048009 0.056250
19 0.450234 0.590625 0.055035 0.039583
4 0.555621 0.613542 0.052693 0.047917
