8 0.843750 0.851389 0.312500 0.197222
4 0.876563 0.590278 0.246875 0.275000
4 0.614063 0.445833 0.118750 0.152778
4 0.715625 0.383333 0.118750 0.122222
4 0.578906 0.356944 0.073438 0.086111
9 0.227344 0.476389 0.045313 0.136111
2 0.303906 0.468056 0.029688 0.097222
20 0.353125 0.425000 0.062500 0.094444
13 0.360156 0.306944 0.029688 0.063889
3 0.436719 0.309722 0.101562 0.208333
3 0.835938 0.261111 0.146875 0.155556
10 0.555469 0.291667 0.064063 0.111111
10 0.624219 0.293056 0.060938 0.113889
10 0.495313 0.288889 0.028125 0.116667
3 0.510938 0.202778 0.037500 0.050000
