10 0.112412 0.570833 0.192037 0.258333
2 0.230094 0.771875 0.069087 0.185417
4 0.277518 0.623958 0.077283 0.097917
4 0.395785 0.635417 0.067916 0.095833
4 0.704333 0.643750 0.118267 0.087500
4 0.563232 0.610417 0.044496 0.041667
4 0.517564 0.600000 0.018735 0.033333
10 0.550351 0.571875 0.032787 0.027083
3 0.586066 0.562500 0.066745 0.041667
4 0.832553 0.626042 0.067916 0.081250
8 0.763466 0.618750 0.124122 0.108333
8 0.622365 0.606250 0.073770 0.066667
19 0.477166 0.615625 0.066745 0.102083
15 0.431499 0.605208 0.029274 0.052083
