17 0.838407 0.807292 0.323185 0.381250
17 0.627635 0.681250 0.206089 0.333333
17 0.474824 0.553125 0.043326 0.102083
2 0.206674 0.868750 0.043326 0.245833
9 0.365925 0.818750 0.113583 0.358333
9 0.276347 0.719792 0.049180 0.139583
19 0.850117 0.581250 0.250585 0.195833
3 0.688525 0.487500 0.182670 0.083333
4 0.755269 0.640625 0.100703 0.193750
16 0.303864 0.563542 0.055035 0.097917
3 0.333724 0.498958 0.072600 0.127083
17 0.382904 0.580208 0.081967 0.139583
10 0.411593 0.520833 0.092506 0.141667
8 0.545082 0.541667 0.108899 0.104167
