4 0.334309 0.818750 0.333724 0.362500
4 0.875293 0.764583 0.249415 0.229167
4 0.859485 0.640625 0.149883 0.093750
4 0.926230 0.627083 0.114754 0.083333
4 0.490632 0.748958 0.236534 0.243750
4 0.188525 0.662500 0.100703 0.137500
4 0.337237 0.623958 0.096019 0.056250
4 0.026347 0.620833 0.050351 0.100000
8 0.521077 0.644792 0.175644 0.131250
4 0.375293 0.602083 0.050351 0.050000
4 0.319672 0.591667 0.039813 0.025000
10 0.277518 0.570833 0.025761 0.029167
3 0.151639 0.560417 0.073770 0.116667
17 0.121194 0.606250 0.038642 0.100000
9 0.046253 0.912500 0.073770 0.175000
9 0.098946 0.696875 0.033958 0.102083
