4 0.159251 0.710417 0.206089 0.229167
4 0.543911 0.675000 0.083138 0.095833
4 0.881148 0.680208 0.181499 0.122917
4 0.919204 0.645833 0.110070 0.070833
15 0.711358 0.641667 0.108899 0.100000
4 0.628220 0.628125 0.043326 0.043750
4 0.593091 0.626042 0.040984 0.039583
4 0.492974 0.629167 0.044496 0.050000
4 0.440867 0.623958 0.033958 0.047917
4 0.467799 0.618750 0.017564 0.037500
3 0.459016 0.583333 0.030445 0.037500
9 0.576698 0.884375 0.172131 0.231250
9 0.296838 0.838542 0.062061 0.181250
9 0.386417 0.737500 0.039813 0.120833
9 0.357728 0.687500 0.022248 0.087500
