4 0.531616 0.836458 0.878220 0.322917
4 0.879977 0.821875 0.240047 0.302083
4 0.547424 0.662500 0.268150 0.179167
4 0.616511 0.630208 0.151054 0.139583
4 0.687354 0.625000 0.091335 0.120833
19 0.665105 0.580208 0.159251 0.118750
15 0.288056 0.600000 0.259953 0.233333
15 0.468970 0.555208 0.146370 0.081250
4 0.098946 0.615625 0.176815 0.243750
4 0.032787 0.514583 0.063232 0.104167
4 0.080211 0.472917 0.064403 0.045833
4 0.143443 0.516667 0.085480 0.066667
10 0.173302 0.453125 0.086651 0.072917
17 0.837237 0.679167 0.166276 0.175000
4 0.577869 0.539583 0.038642 0.029167
