8 0.795313 0.738889 0.409375 0.366667
4 0.862500 0.479167 0.275000 0.230556
4 0.565625 0.477778 0.165625 0.227778
4 0.691406 0.363889 0.142187 0.161111
4 0.479688 0.291667 0.068750 0.100000
4 0.627344 0.280556 0.076563 0.094444
4 0.534375 0.255556 0.050000 0.083333
4 0.567969 0.222222 0.045313 0.066667
3 0.257031 0.345833 0.217188 0.402778
3 0.383594 0.233333 0.076563 0.177778
3 0.424219 0.179167 0.051563 0.108333
4 0.473438 0.222222 0.046875 0.044444
3 0.658594 0.143056 0.054688 0.069444
3 0.600000 0.136111 0.065625 0.072222
10 0.517188 0.190278 0.056250 0.086111
10 0.468750 0.175000 0.043750 0.061111
