4 0.303125 0.885417 0.556250 0.218056
17 0.822656 0.774306 0.123438 0.162500
17 0.285547 0.731944 0.050781 0.086111
13 0.068359 0.745833 0.089844 0.119444
13 0.164062 0.783333 0.193750 0.172222
9 0.305078 0.756250 0.046094 0.059722
9 0.598438 0.758333 0.032813 0.069444
13 0.719922 0.732639 0.046094 0.093056
13 0.521094 0.750694 0.050000 0.118056
16 0.149609 0.754167 0.089844 0.100000
15 0.441016 0.775000 0.158594 0.202778
15 0.338281 0.722222 0.045313 0.083333
4 0.009766 0.778472 0.017969 0.068056
