4 0.116406 0.589583 0.110938 0.104167
4 0.711719 0.581250 0.125000 0.187500
13 0.038672 0.625000 0.075781 0.191667
13 0.433594 0.534722 0.067187 0.116667
9 0.372656 0.796528 0.118750 0.376389
13 0.163281 0.559722 0.060938 0.108333
13 0.211328 0.525694 0.022656 0.048611
17 0.248438 0.516667 0.020313 0.038889
4 0.370313 0.515278 0.034375 0.050000
9 0.399609 0.513889 0.008594 0.027778
8 0.909375 0.723611 0.179688 0.550000
19 0.842188 0.529167 0.167188 0.180556
10 0.571484 0.562500 0.214844 0.369444
