16 0.452734 0.690972 0.077344 0.087500
17 0.873047 0.714583 0.108594 0.162500
17 0.683203 0.672917 0.047656 0.079167
17 0.632812 0.662500 0.037500 0.061111
15 0.496094 0.672222 0.064063 0.097222
4 0.315625 0.845139 0.351562 0.298611
4 0.066797 0.758333 0.132031 0.141667
4 0.337109 0.730556 0.186719 0.144444
4 0.387891 0.700000 0.091406 0.088889
20 0.160938 0.715972 0.103125 0.073611
13 0.123828 0.667361 0.025781 0.056944
13 0.167969 0.663889 0.018750 0.036111
13 0.360547 0.643750 0.022656 0.031944
