3 0.112412 0.604167 0.222482 0.241667
10 0.292155 0.641667 0.090164 0.087500
4 0.165105 0.882292 0.327869 0.235417
4 0.279274 0.783333 0.218970 0.179167
4 0.690867 0.843750 0.199063 0.304167
4 0.545667 0.707292 0.088993 0.097917
4 0.620609 0.710417 0.081967 0.112500
4 0.673302 0.660417 0.030445 0.050000
4 0.455504 0.648958 0.042155 0.031250
17 0.404567 0.656250 0.040984 0.050000
17 0.727166 0.662500 0.035129 0.050000
17 0.700820 0.658333 0.024590 0.054167
9 0.845433 0.763542 0.051522 0.152083
9 0.792740 0.714583 0.030445 0.083333
9 0.778103 0.689583 0.019906 0.075000
