16 0.070843 0.573958 0.139344 0.093750
17 0.195550 0.576042 0.081967 0.102083
17 0.271077 0.575000 0.064403 0.087500
2 0.311475 0.643750 0.032787 0.087500
16 0.334309 0.567708 0.038642 0.060417
4 0.482436 0.573958 0.032787 0.047917
17 0.420960 0.558333 0.026932 0.037500
4 0.837237 0.643750 0.154567 0.120833
4 0.741218 0.603125 0.070258 0.072917
4 0.662178 0.586458 0.045667 0.052083
4 0.631733 0.576042 0.024590 0.039583
19 0.535129 0.573958 0.037471 0.060417
3 0.942037 0.502083 0.115925 0.104167
8 0.895785 0.617708 0.138173 0.152083
