4 0.279274 0.555208 0.101874 0.122917
4 0.040398 0.528125 0.066745 0.089583
4 0.130562 0.486458 0.024590 0.031250
4 0.892272 0.622917 0.215457 0.150000
4 0.648712 0.571875 0.175644 0.110417
17 0.782201 0.562500 0.084309 0.095833
8 0.656909 0.532292 0.142857 0.093750
4 0.716042 0.535417 0.057377 0.066667
15 0.470141 0.515625 0.108899 0.081250
4 0.526932 0.527083 0.063232 0.070833
4 0.559133 0.514583 0.040984 0.041667
15 0.381733 0.502083 0.065574 0.054167
8 0.337822 0.494792 0.031616 0.047917
4 0.286885 0.488542 0.025761 0.022917
4 0.310890 0.493750 0.024590 0.033333
