9 0.123536 0.816667 0.092506 0.329167
9 0.183841 0.689583 0.039813 0.108333
4 0.716628 0.826042 0.449649 0.347917
4 0.289227 0.657292 0.105386 0.156250
4 0.734778 0.642708 0.174473 0.110417
4 0.954918 0.623958 0.090164 0.102083
4 0.598361 0.601042 0.086651 0.064583
4 0.245902 0.596875 0.056206 0.077083
8 0.418618 0.625000 0.099532 0.150000
8 0.493560 0.577083 0.055035 0.062500
8 0.366511 0.603125 0.028103 0.068750
3 0.298595 0.532292 0.030445 0.031250
17 0.538642 0.582292 0.035129 0.052083
8 0.319087 0.583333 0.050351 0.075000
