4 0.429157 0.612500 0.094848 0.137500
2 0.322014 0.617708 0.023419 0.097917
9 0.084309 0.591667 0.063232 0.100000
3 0.298009 0.493750 0.108899 0.141667
3 0.365925 0.509375 0.031616 0.097917
3 0.389344 0.510417 0.019906 0.070833
8 0.440867 0.533333 0.024590 0.033333
4 0.464286 0.536458 0.017564 0.018750
4 0.795667 0.668750 0.197892 0.150000
4 0.892857 0.656250 0.090164 0.083333
15 0.666276 0.593750 0.093677 0.100000
15 0.765222 0.581250 0.099532 0.054167
4 0.605972 0.581250 0.040984 0.054167
4 0.571429 0.570833 0.035129 0.041667
4 0.544496 0.555208 0.023419 0.035417
