4 0.838281 0.949306 0.323438 0.095833
4 0.224219 0.881250 0.390625 0.234722
4 0.026953 0.858333 0.052344 0.169444
4 0.121094 0.784722 0.225000 0.144444
15 0.404688 0.722917 0.070312 0.101389
4 0.178906 0.717361 0.085938 0.034722
13 0.050781 0.722222 0.025000 0.055556
13 0.017578 0.720139 0.033594 0.059722
9 0.445703 0.731250 0.013281 0.048611
17 0.443750 0.709722 0.031250 0.063889
16 0.270313 0.742361 0.123438 0.084722
16 0.307031 0.711111 0.043750 0.050000
13 0.857813 0.722917 0.071875 0.095833
13 0.785547 0.722917 0.044531 0.093056
13 0.615625 0.820833 0.204688 0.255556
20 0.431641 0.843750 0.214844 0.148611
