13 0.098438 0.845833 0.184375 0.308333
13 0.184375 0.733333 0.090625 0.255556
13 0.317188 0.490278 0.043750 0.063889
13 0.300000 0.522222 0.037500 0.061111
17 0.337500 0.640278 0.115625 0.225000
17 0.928906 0.851389 0.142187 0.291667
4 0.417188 0.822222 0.253125 0.355556
10 0.785156 0.622222 0.217188 0.294444
4 0.825000 0.488889 0.087500 0.111111
3 0.857031 0.425000 0.154688 0.144444
3 0.465625 0.495833 0.134375 0.280556
3 0.589844 0.484722 0.142187 0.263889
4 0.666406 0.470833 0.014063 0.063889
3 0.976562 0.429167 0.046875 0.191667
