9 0.827344 0.837500 0.342188 0.325000
9 0.272656 0.677778 0.051563 0.127778
17 0.829688 0.683333 0.340625 0.405556
3 0.864063 0.490278 0.271875 0.313889
3 0.625000 0.427778 0.159375 0.122222
3 0.483594 0.440278 0.114063 0.125000
10 0.623438 0.568056 0.209375 0.202778
4 0.481250 0.711111 0.281250 0.372222
4 0.340625 0.550000 0.093750 0.138889
4 0.052344 0.518056 0.092188 0.086111
4 0.120313 0.501389 0.053125 0.058333
4 0.160156 0.487500 0.042188 0.052778
4 0.231250 0.491667 0.040625 0.044444
10 0.417969 0.459722 0.045313 0.058333
10 0.347656 0.455556 0.039062 0.055556
