18 0.611719 0.636111 0.040625 0.041667
18 0.567578 0.636806 0.022656 0.029167
18 0.926953 0.634722 0.110156 0.113889
3 0.747656 0.639583 0.095313 0.073611
4 0.040234 0.619444 0.078906 0.097222
10 0.143359 0.611111 0.080469 0.091667
10 0.219141 0.613194 0.071094 0.073611
10 0.274609 0.611806 0.042969 0.065278
8 0.312500 0.619444 0.029688 0.038889
18 0.348438 0.616667 0.037500 0.044444
3 0.414453 0.616667 0.011719 0.022222
18 0.495703 0.623611 0.021094 0.025000
19 0.529687 0.638194 0.015625 0.012500
