4 0.104297 0.564583 0.116406 0.176389
13 0.137109 0.496528 0.057031 0.129167
9 0.428516 0.523611 0.064844 0.108333
13 0.468750 0.453472 0.089063 0.106944
13 0.568750 0.421528 0.029688 0.062500
13 0.772266 0.410417 0.082031 0.098611
13 0.619922 0.397222 0.021094 0.033333
4 0.294922 0.448611 0.044531 0.041667
3 0.367188 0.420139 0.104688 0.115278
3 0.121875 0.432639 0.025000 0.040278
4 0.649609 0.486111 0.194531 0.147222
4 0.900781 0.639583 0.198438 0.498611
19 0.927344 0.384722 0.145313 0.169444
