4 0.202344 0.906944 0.401563 0.186111
4 0.953125 0.838889 0.093750 0.216667
13 0.157813 0.662500 0.106250 0.247222
13 0.239063 0.588889 0.096875 0.200000
13 0.293750 0.541667 0.068750 0.150000
13 0.315625 0.504167 0.053125 0.152778
13 0.336719 0.461111 0.042188 0.100000
13 0.356250 0.418056 0.021875 0.041667
17 0.355469 0.516667 0.023438 0.138889
3 0.455469 0.525000 0.179688 0.388889
3 0.708594 0.612500 0.320312 0.558333
3 0.937500 0.409722 0.125000 0.175000
3 0.732031 0.333333 0.245313 0.083333
