17 0.656323 0.646875 0.233021 0.381250
9 0.399297 0.615625 0.091335 0.231250
9 0.295082 0.589583 0.070258 0.195833
9 0.218970 0.523958 0.039813 0.131250
9 0.451405 0.536458 0.022248 0.077083
9 0.247658 0.489583 0.022248 0.066667
4 0.930913 0.559375 0.138173 0.089583
4 0.769321 0.563542 0.039813 0.122917
4 0.800351 0.519792 0.099532 0.077083
4 0.892857 0.530208 0.085480 0.068750
8 0.495902 0.475000 0.080796 0.091667
3 0.346604 0.415625 0.119438 0.202083
9 0.070258 0.462500 0.070258 0.083333
4 0.530445 0.522917 0.067916 0.137500
