9 0.032201 0.817708 0.057377 0.268750
4 0.723068 0.630208 0.137002 0.097917
4 0.871780 0.647917 0.169789 0.100000
4 0.976581 0.618750 0.046838 0.083333
4 0.914520 0.786458 0.170960 0.210417
4 0.495902 0.800000 0.361827 0.304167
4 0.200820 0.782292 0.216628 0.293750
4 0.389930 0.630208 0.096019 0.072917
4 0.355386 0.663542 0.050351 0.081250
4 0.064988 0.648958 0.066745 0.114583
8 0.262881 0.663542 0.151054 0.177083
3 0.109485 0.561458 0.055035 0.052083
9 0.491803 0.628125 0.044496 0.047917
9 0.538642 0.627083 0.049180 0.054167
8 0.144028 0.603125 0.079625 0.081250
