10 0.858899 0.609375 0.282201 0.381250
9 0.140515 0.703125 0.091335 0.239583
9 0.358314 0.564583 0.025761 0.079167
9 0.282201 0.593750 0.037471 0.116667
9 0.223068 0.586458 0.033958 0.097917
13 0.087822 0.578125 0.056206 0.185417
4 0.031616 0.571875 0.060890 0.135417
4 0.661007 0.609375 0.120609 0.131250
4 0.540398 0.575000 0.076112 0.075000
4 0.585480 0.584375 0.042155 0.064583
8 0.484778 0.547917 0.044496 0.066667
3 0.663349 0.536458 0.106557 0.047917
4 0.377049 0.532292 0.023419 0.043750
19 0.323770 0.528125 0.040984 0.068750
