8 0.310304 0.697917 0.173302 0.254167
8 0.407494 0.659375 0.056206 0.152083
4 0.129391 0.639583 0.076112 0.116667
4 0.222482 0.633333 0.044496 0.091667
4 0.469555 0.613542 0.053864 0.047917
4 0.662763 0.667708 0.149883 0.102083
4 0.538056 0.720833 0.254098 0.133333
4 0.663349 0.866667 0.673302 0.262500
3 0.185012 0.554167 0.044496 0.062500
9 0.177400 0.634375 0.017564 0.064583
9 0.144614 0.802083 0.057377 0.154167
9 0.048009 0.740625 0.046838 0.122917
2 0.785129 0.663542 0.040984 0.052083
15 0.954918 0.642708 0.087822 0.122917
