10 0.910156 0.909722 0.179688 0.175000
10 0.202344 0.690278 0.167188 0.236111
13 0.953906 0.620833 0.073438 0.130556
13 0.314063 0.705556 0.050000 0.177778
19 0.375000 0.797222 0.168750 0.333333
15 0.775781 0.579167 0.095313 0.080556
4 0.561719 0.805556 0.154688 0.233333
4 0.704688 0.772222 0.178125 0.211111
4 0.500781 0.661111 0.085938 0.122222
4 0.587500 0.625000 0.087500 0.100000
4 0.480469 0.590278 0.051563 0.075000
15 0.541406 0.573611 0.064063 0.086111
17 0.414844 0.577778 0.039062 0.077778
17 0.382812 0.562500 0.028125 0.069444
3 0.412500 0.497222 0.043750 0.044444
3 0.439063 0.480556 0.025000 0.038889
