18 0.874707 0.833333 0.250585 0.325000
4 0.694379 0.725000 0.180328 0.137500
4 0.545667 0.688542 0.121780 0.093750
4 0.119438 0.821875 0.236534 0.352083
4 0.280445 0.652083 0.055035 0.079167
4 0.055621 0.653125 0.080796 0.068750
9 0.313817 0.720833 0.053864 0.150000
9 0.210187 0.631250 0.010539 0.029167
17 0.155738 0.626042 0.056206 0.056250
17 0.218970 0.617708 0.016393 0.035417
17 0.252927 0.623958 0.021077 0.043750
8 0.396370 0.656250 0.094848 0.133333
17 0.490632 0.661458 0.042155 0.064583
8 0.747658 0.694792 0.132319 0.106250
3 0.896370 0.643750 0.207260 0.091667
3 0.677986 0.627083 0.210773 0.070833
