19 0.881148 0.565625 0.237705 0.243750
17 0.684426 0.587500 0.169789 0.250000
17 0.362998 0.685417 0.255269 0.462500
17 0.182670 0.535417 0.088993 0.187500
17 0.137002 0.491667 0.030445 0.095833
3 0.858899 0.430208 0.108899 0.043750
3 0.718384 0.443750 0.176815 0.062500
4 0.528103 0.622917 0.185012 0.287500
9 0.089578 0.521875 0.029274 0.089583
8 0.220726 0.475000 0.055035 0.095833
3 0.133489 0.425000 0.030445 0.033333
10 0.162178 0.432292 0.033958 0.022917
19 0.296253 0.442708 0.065574 0.027083
