9 0.054450 0.865625 0.106557 0.268750
9 0.114754 0.672917 0.035129 0.075000
9 0.822014 0.629167 0.037471 0.058333
4 0.902225 0.638542 0.153396 0.097917
4 0.949063 0.845833 0.101874 0.220833
4 0.231850 0.721875 0.182670 0.252083
4 0.346604 0.678125 0.142857 0.160417
4 0.504684 0.617708 0.058548 0.060417
4 0.149297 0.604167 0.050351 0.083333
4 0.223653 0.581250 0.042155 0.029167
4 0.271663 0.594792 0.049180 0.039583
4 0.396370 0.594792 0.059719 0.047917
4 0.436768 0.591667 0.051522 0.041667
3 0.158080 0.536458 0.051522 0.077083
10 0.345433 0.567708 0.028103 0.031250
8 0.629977 0.692708 0.271663 0.222917
