2 0.894614 0.684375 0.030445 0.056250
2 0.848361 0.682292 0.038642 0.039583
9 0.807377 0.684375 0.031616 0.056250
17 0.731850 0.672917 0.058548 0.079167
9 0.679157 0.686458 0.035129 0.039583
9 0.645199 0.683333 0.032787 0.041667
9 0.622951 0.683333 0.018735 0.033333
4 0.504684 0.664583 0.023419 0.020833
9 0.564988 0.678125 0.012881 0.031250
4 0.231265 0.876042 0.300937 0.247917
4 0.073185 0.851042 0.144028 0.293750
4 0.271077 0.723958 0.090164 0.064583
15 0.057963 0.680208 0.062061 0.060417
15 0.142857 0.710417 0.117096 0.150000
19 0.258197 0.683333 0.076112 0.079167
4 0.199649 0.703125 0.022248 0.077083
