4 0.090164 0.771875 0.177986 0.343750
4 0.933255 0.887500 0.133489 0.216667
4 0.806206 0.622917 0.132319 0.095833
4 0.525176 0.654167 0.125293 0.112500
4 0.388173 0.616667 0.062061 0.079167
4 0.315574 0.594792 0.040984 0.052083
4 0.542155 0.591667 0.046838 0.037500
9 0.536885 0.837500 0.120609 0.250000
9 0.324356 0.855208 0.128806 0.289583
9 0.224239 0.787500 0.078454 0.262500
9 0.265808 0.632292 0.032787 0.081250
8 0.432670 0.596875 0.048009 0.077083
3 0.367096 0.556250 0.024590 0.041667
17 0.909836 0.607292 0.072600 0.089583
8 0.352459 0.580208 0.032787 0.052083
