13 0.079688 0.852778 0.156250 0.255556
13 0.162500 0.706944 0.115625 0.252778
13 0.207031 0.615278 0.085938 0.241667
13 0.241406 0.572222 0.045313 0.166667
13 0.204688 0.477778 0.040625 0.061111
4 0.237500 0.466667 0.153125 0.094444
4 0.401563 0.551389 0.143750 0.186111
4 0.796875 0.558333 0.175000 0.166667
17 0.935938 0.838889 0.128125 0.316667
17 0.771875 0.727778 0.184375 0.350000
17 0.661719 0.575000 0.101562 0.211111
17 0.648438 0.450000 0.071875 0.055556
13 0.214063 0.401389 0.025000 0.036111
13 0.268750 0.415278 0.050000 0.063889
13 0.250000 0.470833 0.040625 0.063889
10 0.692188 0.351389 0.053125 0.058333
3 0.944531 0.436111 0.110938 0.183333
3 0.562500 0.406944 0.096875 0.191667
3 0.432031 0.412500 0.098438 0.197222
3 0.497656 0.373611 0.048438 0.125000
17 0.362500 0.436111 0.037500 0.083333
