10 0.873438 0.880556 0.253125 0.233333
10 0.925781 0.569444 0.148438 0.233333
18 0.784375 0.422222 0.153125 0.188889
4 0.617188 0.465278 0.096875 0.113889
4 0.451563 0.465278 0.075000 0.119444
4 0.562500 0.390278 0.056250 0.063889
4 0.493750 0.377778 0.040625 0.061111
15 0.526563 0.350000 0.034375 0.050000
4 0.478125 0.348611 0.028125 0.047222
3 0.485938 0.287500 0.031250 0.047222
3 0.440625 0.291667 0.025000 0.038889
4 0.379688 0.350000 0.034375 0.050000
9 0.433594 0.340278 0.010938 0.025000
9 0.303125 0.448611 0.037500 0.080556
9 0.348438 0.612500 0.056250 0.169444
17 0.154688 0.583333 0.128125 0.222222
2 0.214844 0.680556 0.064063 0.172222
3 0.628906 0.312500 0.045313 0.047222
