9 0.089578 0.731250 0.101874 0.187500
9 0.279274 0.873958 0.085480 0.252083
9 0.431499 0.767708 0.069087 0.185417
9 0.217213 0.753125 0.052693 0.147917
9 0.347190 0.689583 0.048009 0.129167
4 0.220141 0.595833 0.053864 0.066667
4 0.285714 0.618750 0.072600 0.083333
4 0.945550 0.658333 0.108899 0.145833
4 0.830211 0.641667 0.112412 0.095833
4 0.589578 0.627083 0.094848 0.066667
4 0.514052 0.607292 0.060890 0.047917
4 0.463700 0.595833 0.042155 0.041667
9 0.391686 0.635417 0.031616 0.070833
4 0.621194 0.608333 0.045667 0.050000
15 0.734778 0.654167 0.188525 0.150000
