17 0.028689 0.575000 0.055035 0.191667
17 0.225995 0.511458 0.074941 0.089583
17 0.316745 0.496875 0.029274 0.064583
4 0.367681 0.504167 0.049180 0.062500
4 0.526347 0.554167 0.083138 0.108333
8 0.466628 0.491667 0.022248 0.045833
3 0.409836 0.461458 0.018735 0.035417
8 0.881733 0.586458 0.177986 0.156250
4 0.966628 0.601042 0.066745 0.106250
4 0.737119 0.557292 0.106557 0.089583
4 0.781030 0.542708 0.037471 0.052083
4 0.655738 0.527083 0.058548 0.054167
4 0.610070 0.515625 0.037471 0.035417
19 0.583724 0.495833 0.045667 0.041667
4 0.707260 0.512500 0.044496 0.020833
