15 0.749219 0.786111 0.217188 0.294444
15 0.942969 0.636111 0.114063 0.172222
3 0.965625 0.545833 0.068750 0.113889
17 0.307031 0.698611 0.089063 0.186111
17 0.529687 0.554167 0.037500 0.075000
10 0.817188 0.580556 0.131250 0.127778
18 0.880469 0.519444 0.135938 0.122222
4 0.617188 0.593056 0.071875 0.091667
19 0.595313 0.526389 0.050000 0.069444
3 0.555469 0.480556 0.042188 0.077778
3 0.478906 0.480556 0.051563 0.072222
3 0.426563 0.647222 0.156250 0.316667
3 0.707031 0.495833 0.114063 0.119444
