4 0.544496 0.670833 0.107728 0.087500
4 0.312646 0.683333 0.093677 0.104167
4 0.169204 0.610417 0.019906 0.029167
4 0.258197 0.627083 0.024590 0.045833
9 0.153981 0.645833 0.015222 0.045833
4 0.457845 0.637500 0.049180 0.045833
4 0.395199 0.629167 0.031616 0.025000
10 0.599532 0.634375 0.096019 0.093750
10 0.481265 0.617708 0.023419 0.031250
3 0.208431 0.593750 0.018735 0.029167
4 0.208431 0.621875 0.016393 0.035417
8 0.230094 0.627083 0.033958 0.062500
19 0.346019 0.616667 0.033958 0.025000
4 0.309719 0.621875 0.017564 0.018750
