3 0.771094 0.658333 0.457813 0.677778
3 0.439063 0.408333 0.081250 0.155556
3 0.485156 0.355556 0.026563 0.066667
4 0.285938 0.538889 0.215625 0.127778
4 0.095313 0.556944 0.171875 0.147222
13 0.050781 0.786111 0.098438 0.283333
13 0.035938 0.601389 0.065625 0.097222
13 0.064063 0.597222 0.059375 0.161111
17 0.364844 0.468056 0.064063 0.108333
17 0.541406 0.470833 0.023438 0.102778
17 0.524219 0.430556 0.026563 0.077778
17 0.505469 0.415278 0.023438 0.075000
13 0.381250 0.412500 0.025000 0.036111
