4 0.787471 0.797917 0.425059 0.395833
4 0.608314 0.622917 0.181499 0.158333
4 0.434426 0.569792 0.074941 0.089583
4 0.753513 0.566667 0.160422 0.066667
4 0.571429 0.522917 0.037471 0.037500
4 0.538056 0.531250 0.026932 0.045833
9 0.031030 0.640625 0.059719 0.135417
9 0.076112 0.610417 0.049180 0.100000
9 0.157494 0.598958 0.048009 0.081250
9 0.340749 0.592708 0.025761 0.077083
9 0.305621 0.566667 0.018735 0.054167
17 0.233021 0.564583 0.065574 0.125000
8 0.360656 0.538542 0.044496 0.085417
8 0.890515 0.555208 0.118267 0.102083
19 0.495902 0.553125 0.076112 0.093750
8 0.624122 0.531250 0.056206 0.054167
