3 0.960156 0.490278 0.079688 0.241667
4 0.800000 0.552778 0.140625 0.125000
13 0.886719 0.498611 0.028125 0.075000
4 0.907813 0.496528 0.025000 0.043056
13 0.455469 0.613889 0.170313 0.302778
13 0.693750 0.525000 0.068750 0.102778
13 0.550000 0.467361 0.020313 0.037500
13 0.680469 0.477083 0.026563 0.043056
9 0.624219 0.543750 0.067187 0.070833
4 0.586719 0.506250 0.089063 0.070833
13 0.225781 0.485417 0.031250 0.081944
13 0.273047 0.487500 0.033594 0.080556
13 0.130859 0.475000 0.028906 0.066667
13 0.014844 0.488194 0.028125 0.076389
4 0.182031 0.483333 0.051563 0.058333
3 0.210547 0.425694 0.036719 0.043056
3 0.252344 0.439583 0.045313 0.084722
4 0.174219 0.436806 0.012500 0.018056
17 0.191016 0.444444 0.019531 0.033333
17 0.307031 0.468750 0.028125 0.056944
17 0.521094 0.491667 0.039062 0.075000
3 0.739453 0.461111 0.135156 0.069444
13 0.746875 0.491667 0.025000 0.072222
13 0.859375 0.497222 0.034375 0.047222
