20 0.965234 0.763889 0.053906 0.077778
13 0.828516 0.722222 0.025781 0.052778
13 0.774609 0.726389 0.019531 0.047222
13 0.744141 0.727083 0.035156 0.062500
13 0.583594 0.718056 0.020313 0.033333
13 0.671484 0.711806 0.013281 0.020833
4 0.877344 0.741667 0.059375 0.066667
4 0.673047 0.801389 0.132031 0.133333
4 0.562500 0.773611 0.098438 0.083333
4 0.660938 0.753472 0.125000 0.070833
4 0.399609 0.752778 0.071094 0.061111
4 0.039062 0.747917 0.042188 0.048611
13 0.119922 0.765278 0.041406 0.091667
13 0.026563 0.805556 0.051563 0.122222
3 0.012109 0.705556 0.021094 0.033333
9 0.225391 0.740972 0.014844 0.034722
